Problem name: mesh70x15.txt 	 Optimal solution = 518
1050 1050 4200
1 2
1 71
2 3
2 72
3 4
3 73
4 5
4 74
5 6
5 75
6 7
6 76
7 8
7 77
8 9
8 78
9 10
9 79
10 11
10 80
11 12
11 81
12 13
12 82
13 14
13 83
14 15
14 84
15 16
15 85
16 17
16 86
17 18
17 87
18 19
18 88
19 20
19 89
20 21
20 90
21 22
21 91
22 23
22 92
23 24
23 93
24 25
24 94
25 26
25 95
26 27
26 96
27 28
27 97
28 29
28 98
29 30
29 99
30 31
30 100
31 32
31 101
32 33
32 102
33 34
33 103
34 35
34 104
35 36
35 105
36 37
36 106
37 38
37 107
38 39
38 108
39 40
39 109
40 41
40 110
41 42
41 111
42 43
42 112
43 44
43 113
44 45
44 114
45 46
45 115
46 47
46 116
47 48
47 117
48 49
48 118
49 50
49 119
50 51
50 120
51 52
51 121
52 53
52 122
53 54
53 123
54 55
54 124
55 56
55 125
56 57
56 126
57 58
57 127
58 59
58 128
59 60
59 129
60 61
60 130
61 62
61 131
62 63
62 132
63 64
63 133
64 65
64 134
65 66
65 135
66 67
66 136
67 68
67 137
68 69
68 138
69 70
69 139
70 140
71 72
71 141
72 73
72 142
73 74
73 143
74 75
74 144
75 76
75 145
76 77
76 146
77 78
77 147
78 79
78 148
79 80
79 149
80 81
80 150
81 82
81 151
82 83
82 152
83 84
83 153
84 85
84 154
85 86
85 155
86 87
86 156
87 88
87 157
88 89
88 158
89 90
89 159
90 91
90 160
91 92
91 161
92 93
92 162
93 94
93 163
94 95
94 164
95 96
95 165
96 97
96 166
97 98
97 167
98 99
98 168
99 100
99 169
100 101
100 170
101 102
101 171
102 103
102 172
103 104
103 173
104 105
104 174
105 106
105 175
106 107
106 176
107 108
107 177
108 109
108 178
109 110
109 179
110 111
110 180
111 112
111 181
112 113
112 182
113 114
113 183
114 115
114 184
115 116
115 185
116 117
116 186
117 118
117 187
118 119
118 188
119 120
119 189
120 121
120 190
121 122
121 191
122 123
122 192
123 124
123 193
124 125
124 194
125 126
125 195
126 127
126 196
127 128
127 197
128 129
128 198
129 130
129 199
130 131
130 200
131 132
131 201
132 133
132 202
133 134
133 203
134 135
134 204
135 136
135 205
136 137
136 206
137 138
137 207
138 139
138 208
139 140
139 209
140 210
141 142
141 211
142 143
142 212
143 144
143 213
144 145
144 214
145 146
145 215
146 147
146 216
147 148
147 217
148 149
148 218
149 150
149 219
150 151
150 220
151 152
151 221
152 153
152 222
153 154
153 223
154 155
154 224
155 156
155 225
156 157
156 226
157 158
157 227
158 159
158 228
159 160
159 229
160 161
160 230
161 162
161 231
162 163
162 232
163 164
163 233
164 165
164 234
165 166
165 235
166 167
166 236
167 168
167 237
168 169
168 238
169 170
169 239
170 171
170 240
171 172
171 241
172 173
172 242
173 174
173 243
174 175
174 244
175 176
175 245
176 177
176 246
177 178
177 247
178 179
178 248
179 180
179 249
180 181
180 250
181 182
181 251
182 183
182 252
183 184
183 253
184 185
184 254
185 186
185 255
186 187
186 256
187 188
187 257
188 189
188 258
189 190
189 259
190 191
190 260
191 192
191 261
192 193
192 262
193 194
193 263
194 195
194 264
195 196
195 265
196 197
196 266
197 198
197 267
198 199
198 268
199 200
199 269
200 201
200 270
201 202
201 271
202 203
202 272
203 204
203 273
204 205
204 274
205 206
205 275
206 207
206 276
207 208
207 277
208 209
208 278
209 210
209 279
210 280
211 212
211 281
212 213
212 282
213 214
213 283
214 215
214 284
215 216
215 285
216 217
216 286
217 218
217 287
218 219
218 288
219 220
219 289
220 221
220 290
221 222
221 291
222 223
222 292
223 224
223 293
224 225
224 294
225 226
225 295
226 227
226 296
227 228
227 297
228 229
228 298
229 230
229 299
230 231
230 300
231 232
231 301
232 233
232 302
233 234
233 303
234 235
234 304
235 236
235 305
236 237
236 306
237 238
237 307
238 239
238 308
239 240
239 309
240 241
240 310
241 242
241 311
242 243
242 312
243 244
243 313
244 245
244 314
245 246
245 315
246 247
246 316
247 248
247 317
248 249
248 318
249 250
249 319
250 251
250 320
251 252
251 321
252 253
252 322
253 254
253 323
254 255
254 324
255 256
255 325
256 257
256 326
257 258
257 327
258 259
258 328
259 260
259 329
260 261
260 330
261 262
261 331
262 263
262 332
263 264
263 333
264 265
264 334
265 266
265 335
266 267
266 336
267 268
267 337
268 269
268 338
269 270
269 339
270 271
270 340
271 272
271 341
272 273
272 342
273 274
273 343
274 275
274 344
275 276
275 345
276 277
276 346
277 278
277 347
278 279
278 348
279 280
279 349
280 350
281 282
281 351
282 283
282 352
283 284
283 353
284 285
284 354
285 286
285 355
286 287
286 356
287 288
287 357
288 289
288 358
289 290
289 359
290 291
290 360
291 292
291 361
292 293
292 362
293 294
293 363
294 295
294 364
295 296
295 365
296 297
296 366
297 298
297 367
298 299
298 368
299 300
299 369
300 301
300 370
301 302
301 371
302 303
302 372
303 304
303 373
304 305
304 374
305 306
305 375
306 307
306 376
307 308
307 377
308 309
308 378
309 310
309 379
310 311
310 380
311 312
311 381
312 313
312 382
313 314
313 383
314 315
314 384
315 316
315 385
316 317
316 386
317 318
317 387
318 319
318 388
319 320
319 389
320 321
320 390
321 322
321 391
322 323
322 392
323 324
323 393
324 325
324 394
325 326
325 395
326 327
326 396
327 328
327 397
328 329
328 398
329 330
329 399
330 331
330 400
331 332
331 401
332 333
332 402
333 334
333 403
334 335
334 404
335 336
335 405
336 337
336 406
337 338
337 407
338 339
338 408
339 340
339 409
340 341
340 410
341 342
341 411
342 343
342 412
343 344
343 413
344 345
344 414
345 346
345 415
346 347
346 416
347 348
347 417
348 349
348 418
349 350
349 419
350 420
351 352
351 421
352 353
352 422
353 354
353 423
354 355
354 424
355 356
355 425
356 357
356 426
357 358
357 427
358 359
358 428
359 360
359 429
360 361
360 430
361 362
361 431
362 363
362 432
363 364
363 433
364 365
364 434
365 366
365 435
366 367
366 436
367 368
367 437
368 369
368 438
369 370
369 439
370 371
370 440
371 372
371 441
372 373
372 442
373 374
373 443
374 375
374 444
375 376
375 445
376 377
376 446
377 378
377 447
378 379
378 448
379 380
379 449
380 381
380 450
381 382
381 451
382 383
382 452
383 384
383 453
384 385
384 454
385 386
385 455
386 387
386 456
387 388
387 457
388 389
388 458
389 390
389 459
390 391
390 460
391 392
391 461
392 393
392 462
393 394
393 463
394 395
394 464
395 396
395 465
396 397
396 466
397 398
397 467
398 399
398 468
399 400
399 469
400 401
400 470
401 402
401 471
402 403
402 472
403 404
403 473
404 405
404 474
405 406
405 475
406 407
406 476
407 408
407 477
408 409
408 478
409 410
409 479
410 411
410 480
411 412
411 481
412 413
412 482
413 414
413 483
414 415
414 484
415 416
415 485
416 417
416 486
417 418
417 487
418 419
418 488
419 420
419 489
420 490
421 422
421 491
422 423
422 492
423 424
423 493
424 425
424 494
425 426
425 495
426 427
426 496
427 428
427 497
428 429
428 498
429 430
429 499
430 431
430 500
431 432
431 501
432 433
432 502
433 434
433 503
434 435
434 504
435 436
435 505
436 437
436 506
437 438
437 507
438 439
438 508
439 440
439 509
440 441
440 510
441 442
441 511
442 443
442 512
443 444
443 513
444 445
444 514
445 446
445 515
446 447
446 516
447 448
447 517
448 449
448 518
449 450
449 519
450 451
450 520
451 452
451 521
452 453
452 522
453 454
453 523
454 455
454 524
455 456
455 525
456 457
456 526
457 458
457 527
458 459
458 528
459 460
459 529
460 461
460 530
461 462
461 531
462 463
462 532
463 464
463 533
464 465
464 534
465 466
465 535
466 467
466 536
467 468
467 537
468 469
468 538
469 470
469 539
470 471
470 540
471 472
471 541
472 473
472 542
473 474
473 543
474 475
474 544
475 476
475 545
476 477
476 546
477 478
477 547
478 479
478 548
479 480
479 549
480 481
480 550
481 482
481 551
482 483
482 552
483 484
483 553
484 485
484 554
485 486
485 555
486 487
486 556
487 488
487 557
488 489
488 558
489 490
489 559
490 560
491 492
491 561
492 493
492 562
493 494
493 563
494 495
494 564
495 496
495 565
496 497
496 566
497 498
497 567
498 499
498 568
499 500
499 569
500 501
500 570
501 502
501 571
502 503
502 572
503 504
503 573
504 505
504 574
505 506
505 575
506 507
506 576
507 508
507 577
508 509
508 578
509 510
509 579
510 511
510 580
511 512
511 581
512 513
512 582
513 514
513 583
514 515
514 584
515 516
515 585
516 517
516 586
517 518
517 587
518 519
518 588
519 520
519 589
520 521
520 590
521 522
521 591
522 523
522 592
523 524
523 593
524 525
524 594
525 526
525 595
526 527
526 596
527 528
527 597
528 529
528 598
529 530
529 599
530 531
530 600
531 532
531 601
532 533
532 602
533 534
533 603
534 535
534 604
535 536
535 605
536 537
536 606
537 538
537 607
538 539
538 608
539 540
539 609
540 541
540 610
541 542
541 611
542 543
542 612
543 544
543 613
544 545
544 614
545 546
545 615
546 547
546 616
547 548
547 617
548 549
548 618
549 550
549 619
550 551
550 620
551 552
551 621
552 553
552 622
553 554
553 623
554 555
554 624
555 556
555 625
556 557
556 626
557 558
557 627
558 559
558 628
559 560
559 629
560 630
561 562
561 631
562 563
562 632
563 564
563 633
564 565
564 634
565 566
565 635
566 567
566 636
567 568
567 637
568 569
568 638
569 570
569 639
570 571
570 640
571 572
571 641
572 573
572 642
573 574
573 643
574 575
574 644
575 576
575 645
576 577
576 646
577 578
577 647
578 579
578 648
579 580
579 649
580 581
580 650
581 582
581 651
582 583
582 652
583 584
583 653
584 585
584 654
585 586
585 655
586 587
586 656
587 588
587 657
588 589
588 658
589 590
589 659
590 591
590 660
591 592
591 661
592 593
592 662
593 594
593 663
594 595
594 664
595 596
595 665
596 597
596 666
597 598
597 667
598 599
598 668
599 600
599 669
600 601
600 670
601 602
601 671
602 603
602 672
603 604
603 673
604 605
604 674
605 606
605 675
606 607
606 676
607 608
607 677
608 609
608 678
609 610
609 679
610 611
610 680
611 612
611 681
612 613
612 682
613 614
613 683
614 615
614 684
615 616
615 685
616 617
616 686
617 618
617 687
618 619
618 688
619 620
619 689
620 621
620 690
621 622
621 691
622 623
622 692
623 624
623 693
624 625
624 694
625 626
625 695
626 627
626 696
627 628
627 697
628 629
628 698
629 630
629 699
630 700
631 632
631 701
632 633
632 702
633 634
633 703
634 635
634 704
635 636
635 705
636 637
636 706
637 638
637 707
638 639
638 708
639 640
639 709
640 641
640 710
641 642
641 711
642 643
642 712
643 644
643 713
644 645
644 714
645 646
645 715
646 647
646 716
647 648
647 717
648 649
648 718
649 650
649 719
650 651
650 720
651 652
651 721
652 653
652 722
653 654
653 723
654 655
654 724
655 656
655 725
656 657
656 726
657 658
657 727
658 659
658 728
659 660
659 729
660 661
660 730
661 662
661 731
662 663
662 732
663 664
663 733
664 665
664 734
665 666
665 735
666 667
666 736
667 668
667 737
668 669
668 738
669 670
669 739
670 671
670 740
671 672
671 741
672 673
672 742
673 674
673 743
674 675
674 744
675 676
675 745
676 677
676 746
677 678
677 747
678 679
678 748
679 680
679 749
680 681
680 750
681 682
681 751
682 683
682 752
683 684
683 753
684 685
684 754
685 686
685 755
686 687
686 756
687 688
687 757
688 689
688 758
689 690
689 759
690 691
690 760
691 692
691 761
692 693
692 762
693 694
693 763
694 695
694 764
695 696
695 765
696 697
696 766
697 698
697 767
698 699
698 768
699 700
699 769
700 770
701 702
701 771
702 703
702 772
703 704
703 773
704 705
704 774
705 706
705 775
706 707
706 776
707 708
707 777
708 709
708 778
709 710
709 779
710 711
710 780
711 712
711 781
712 713
712 782
713 714
713 783
714 715
714 784
715 716
715 785
716 717
716 786
717 718
717 787
718 719
718 788
719 720
719 789
720 721
720 790
721 722
721 791
722 723
722 792
723 724
723 793
724 725
724 794
725 726
725 795
726 727
726 796
727 728
727 797
728 729
728 798
729 730
729 799
730 731
730 800
731 732
731 801
732 733
732 802
733 734
733 803
734 735
734 804
735 736
735 805
736 737
736 806
737 738
737 807
738 739
738 808
739 740
739 809
740 741
740 810
741 742
741 811
742 743
742 812
743 744
743 813
744 745
744 814
745 746
745 815
746 747
746 816
747 748
747 817
748 749
748 818
749 750
749 819
750 751
750 820
751 752
751 821
752 753
752 822
753 754
753 823
754 755
754 824
755 756
755 825
756 757
756 826
757 758
757 827
758 759
758 828
759 760
759 829
760 761
760 830
761 762
761 831
762 763
762 832
763 764
763 833
764 765
764 834
765 766
765 835
766 767
766 836
767 768
767 837
768 769
768 838
769 770
769 839
770 840
771 772
771 841
772 773
772 842
773 774
773 843
774 775
774 844
775 776
775 845
776 777
776 846
777 778
777 847
778 779
778 848
779 780
779 849
780 781
780 850
781 782
781 851
782 783
782 852
783 784
783 853
784 785
784 854
785 786
785 855
786 787
786 856
787 788
787 857
788 789
788 858
789 790
789 859
790 791
790 860
791 792
791 861
792 793
792 862
793 794
793 863
794 795
794 864
795 796
795 865
796 797
796 866
797 798
797 867
798 799
798 868
799 800
799 869
800 801
800 870
801 802
801 871
802 803
802 872
803 804
803 873
804 805
804 874
805 806
805 875
806 807
806 876
807 808
807 877
808 809
808 878
809 810
809 879
810 811
810 880
811 812
811 881
812 813
812 882
813 814
813 883
814 815
814 884
815 816
815 885
816 817
816 886
817 818
817 887
818 819
818 888
819 820
819 889
820 821
820 890
821 822
821 891
822 823
822 892
823 824
823 893
824 825
824 894
825 826
825 895
826 827
826 896
827 828
827 897
828 829
828 898
829 830
829 899
830 831
830 900
831 832
831 901
832 833
832 902
833 834
833 903
834 835
834 904
835 836
835 905
836 837
836 906
837 838
837 907
838 839
838 908
839 840
839 909
840 910
841 842
841 911
842 843
842 912
843 844
843 913
844 845
844 914
845 846
845 915
846 847
846 916
847 848
847 917
848 849
848 918
849 850
849 919
850 851
850 920
851 852
851 921
852 853
852 922
853 854
853 923
854 855
854 924
855 856
855 925
856 857
856 926
857 858
857 927
858 859
858 928
859 860
859 929
860 861
860 930
861 862
861 931
862 863
862 932
863 864
863 933
864 865
864 934
865 866
865 935
866 867
866 936
867 868
867 937
868 869
868 938
869 870
869 939
870 871
870 940
871 872
871 941
872 873
872 942
873 874
873 943
874 875
874 944
875 876
875 945
876 877
876 946
877 878
877 947
878 879
878 948
879 880
879 949
880 881
880 950
881 882
881 951
882 883
882 952
883 884
883 953
884 885
884 954
885 886
885 955
886 887
886 956
887 888
887 957
888 889
888 958
889 890
889 959
890 891
890 960
891 892
891 961
892 893
892 962
893 894
893 963
894 895
894 964
895 896
895 965
896 897
896 966
897 898
897 967
898 899
898 968
899 900
899 969
900 901
900 970
901 902
901 971
902 903
902 972
903 904
903 973
904 905
904 974
905 906
905 975
906 907
906 976
907 908
907 977
908 909
908 978
909 910
909 979
910 980
911 912
911 981
912 913
912 982
913 914
913 983
914 915
914 984
915 916
915 985
916 917
916 986
917 918
917 987
918 919
918 988
919 920
919 989
920 921
920 990
921 922
921 991
922 923
922 992
923 924
923 993
924 925
924 994
925 926
925 995
926 927
926 996
927 928
927 997
928 929
928 998
929 930
929 999
930 931
930 1000
931 932
931 1001
932 933
932 1002
933 934
933 1003
934 935
934 1004
935 936
935 1005
936 937
936 1006
937 938
937 1007
938 939
938 1008
939 940
939 1009
940 941
940 1010
941 942
941 1011
942 943
942 1012
943 944
943 1013
944 945
944 1014
945 946
945 1015
946 947
946 1016
947 948
947 1017
948 949
948 1018
949 950
949 1019
950 951
950 1020
951 952
951 1021
952 953
952 1022
953 954
953 1023
954 955
954 1024
955 956
955 1025
956 957
956 1026
957 958
957 1027
958 959
958 1028
959 960
959 1029
960 961
960 1030
961 962
961 1031
962 963
962 1032
963 964
963 1033
964 965
964 1034
965 966
965 1035
966 967
966 1036
967 968
967 1037
968 969
968 1038
969 970
969 1039
970 971
970 1040
971 972
971 1041
972 973
972 1042
973 974
973 1043
974 975
974 1044
975 976
975 1045
976 977
976 1046
977 978
977 1047
978 979
978 1048
979 980
979 1049
980 1050
981 982
982 983
983 984
984 985
985 986
986 987
987 988
988 989
989 990
990 991
991 992
992 993
993 994
994 995
995 996
996 997
997 998
998 999
999 1000
1000 1001
1001 1002
1002 1003
1003 1004
1004 1005
1005 1006
1006 1007
1007 1008
1008 1009
1009 1010
1010 1011
1011 1012
1012 1013
1013 1014
1014 1015
1015 1016
1016 1017
1017 1018
1018 1019
1019 1020
1020 1021
1021 1022
1022 1023
1023 1024
1024 1025
1025 1026
1026 1027
1027 1028
1028 1029
1029 1030
1030 1031
1031 1032
1032 1033
1033 1034
1034 1035
1035 1036
1036 1037
1037 1038
1038 1039
1039 1040
1040 1041
1041 1042
1042 1043
1043 1044
1044 1045
1045 1046
1046 1047
1047 1048
1048 1049
1049 1050

