Problem name: mesh90x12.txt 	 Optimal solution = 534
1080 1080 4320
1 2
1 91
2 3
2 92
3 4
3 93
4 5
4 94
5 6
5 95
6 7
6 96
7 8
7 97
8 9
8 98
9 10
9 99
10 11
10 100
11 12
11 101
12 13
12 102
13 14
13 103
14 15
14 104
15 16
15 105
16 17
16 106
17 18
17 107
18 19
18 108
19 20
19 109
20 21
20 110
21 22
21 111
22 23
22 112
23 24
23 113
24 25
24 114
25 26
25 115
26 27
26 116
27 28
27 117
28 29
28 118
29 30
29 119
30 31
30 120
31 32
31 121
32 33
32 122
33 34
33 123
34 35
34 124
35 36
35 125
36 37
36 126
37 38
37 127
38 39
38 128
39 40
39 129
40 41
40 130
41 42
41 131
42 43
42 132
43 44
43 133
44 45
44 134
45 46
45 135
46 47
46 136
47 48
47 137
48 49
48 138
49 50
49 139
50 51
50 140
51 52
51 141
52 53
52 142
53 54
53 143
54 55
54 144
55 56
55 145
56 57
56 146
57 58
57 147
58 59
58 148
59 60
59 149
60 61
60 150
61 62
61 151
62 63
62 152
63 64
63 153
64 65
64 154
65 66
65 155
66 67
66 156
67 68
67 157
68 69
68 158
69 70
69 159
70 71
70 160
71 72
71 161
72 73
72 162
73 74
73 163
74 75
74 164
75 76
75 165
76 77
76 166
77 78
77 167
78 79
78 168
79 80
79 169
80 81
80 170
81 82
81 171
82 83
82 172
83 84
83 173
84 85
84 174
85 86
85 175
86 87
86 176
87 88
87 177
88 89
88 178
89 90
89 179
90 180
91 92
91 181
92 93
92 182
93 94
93 183
94 95
94 184
95 96
95 185
96 97
96 186
97 98
97 187
98 99
98 188
99 100
99 189
100 101
100 190
101 102
101 191
102 103
102 192
103 104
103 193
104 105
104 194
105 106
105 195
106 107
106 196
107 108
107 197
108 109
108 198
109 110
109 199
110 111
110 200
111 112
111 201
112 113
112 202
113 114
113 203
114 115
114 204
115 116
115 205
116 117
116 206
117 118
117 207
118 119
118 208
119 120
119 209
120 121
120 210
121 122
121 211
122 123
122 212
123 124
123 213
124 125
124 214
125 126
125 215
126 127
126 216
127 128
127 217
128 129
128 218
129 130
129 219
130 131
130 220
131 132
131 221
132 133
132 222
133 134
133 223
134 135
134 224
135 136
135 225
136 137
136 226
137 138
137 227
138 139
138 228
139 140
139 229
140 141
140 230
141 142
141 231
142 143
142 232
143 144
143 233
144 145
144 234
145 146
145 235
146 147
146 236
147 148
147 237
148 149
148 238
149 150
149 239
150 151
150 240
151 152
151 241
152 153
152 242
153 154
153 243
154 155
154 244
155 156
155 245
156 157
156 246
157 158
157 247
158 159
158 248
159 160
159 249
160 161
160 250
161 162
161 251
162 163
162 252
163 164
163 253
164 165
164 254
165 166
165 255
166 167
166 256
167 168
167 257
168 169
168 258
169 170
169 259
170 171
170 260
171 172
171 261
172 173
172 262
173 174
173 263
174 175
174 264
175 176
175 265
176 177
176 266
177 178
177 267
178 179
178 268
179 180
179 269
180 270
181 182
181 271
182 183
182 272
183 184
183 273
184 185
184 274
185 186
185 275
186 187
186 276
187 188
187 277
188 189
188 278
189 190
189 279
190 191
190 280
191 192
191 281
192 193
192 282
193 194
193 283
194 195
194 284
195 196
195 285
196 197
196 286
197 198
197 287
198 199
198 288
199 200
199 289
200 201
200 290
201 202
201 291
202 203
202 292
203 204
203 293
204 205
204 294
205 206
205 295
206 207
206 296
207 208
207 297
208 209
208 298
209 210
209 299
210 211
210 300
211 212
211 301
212 213
212 302
213 214
213 303
214 215
214 304
215 216
215 305
216 217
216 306
217 218
217 307
218 219
218 308
219 220
219 309
220 221
220 310
221 222
221 311
222 223
222 312
223 224
223 313
224 225
224 314
225 226
225 315
226 227
226 316
227 228
227 317
228 229
228 318
229 230
229 319
230 231
230 320
231 232
231 321
232 233
232 322
233 234
233 323
234 235
234 324
235 236
235 325
236 237
236 326
237 238
237 327
238 239
238 328
239 240
239 329
240 241
240 330
241 242
241 331
242 243
242 332
243 244
243 333
244 245
244 334
245 246
245 335
246 247
246 336
247 248
247 337
248 249
248 338
249 250
249 339
250 251
250 340
251 252
251 341
252 253
252 342
253 254
253 343
254 255
254 344
255 256
255 345
256 257
256 346
257 258
257 347
258 259
258 348
259 260
259 349
260 261
260 350
261 262
261 351
262 263
262 352
263 264
263 353
264 265
264 354
265 266
265 355
266 267
266 356
267 268
267 357
268 269
268 358
269 270
269 359
270 360
271 272
271 361
272 273
272 362
273 274
273 363
274 275
274 364
275 276
275 365
276 277
276 366
277 278
277 367
278 279
278 368
279 280
279 369
280 281
280 370
281 282
281 371
282 283
282 372
283 284
283 373
284 285
284 374
285 286
285 375
286 287
286 376
287 288
287 377
288 289
288 378
289 290
289 379
290 291
290 380
291 292
291 381
292 293
292 382
293 294
293 383
294 295
294 384
295 296
295 385
296 297
296 386
297 298
297 387
298 299
298 388
299 300
299 389
300 301
300 390
301 302
301 391
302 303
302 392
303 304
303 393
304 305
304 394
305 306
305 395
306 307
306 396
307 308
307 397
308 309
308 398
309 310
309 399
310 311
310 400
311 312
311 401
312 313
312 402
313 314
313 403
314 315
314 404
315 316
315 405
316 317
316 406
317 318
317 407
318 319
318 408
319 320
319 409
320 321
320 410
321 322
321 411
322 323
322 412
323 324
323 413
324 325
324 414
325 326
325 415
326 327
326 416
327 328
327 417
328 329
328 418
329 330
329 419
330 331
330 420
331 332
331 421
332 333
332 422
333 334
333 423
334 335
334 424
335 336
335 425
336 337
336 426
337 338
337 427
338 339
338 428
339 340
339 429
340 341
340 430
341 342
341 431
342 343
342 432
343 344
343 433
344 345
344 434
345 346
345 435
346 347
346 436
347 348
347 437
348 349
348 438
349 350
349 439
350 351
350 440
351 352
351 441
352 353
352 442
353 354
353 443
354 355
354 444
355 356
355 445
356 357
356 446
357 358
357 447
358 359
358 448
359 360
359 449
360 450
361 362
361 451
362 363
362 452
363 364
363 453
364 365
364 454
365 366
365 455
366 367
366 456
367 368
367 457
368 369
368 458
369 370
369 459
370 371
370 460
371 372
371 461
372 373
372 462
373 374
373 463
374 375
374 464
375 376
375 465
376 377
376 466
377 378
377 467
378 379
378 468
379 380
379 469
380 381
380 470
381 382
381 471
382 383
382 472
383 384
383 473
384 385
384 474
385 386
385 475
386 387
386 476
387 388
387 477
388 389
388 478
389 390
389 479
390 391
390 480
391 392
391 481
392 393
392 482
393 394
393 483
394 395
394 484
395 396
395 485
396 397
396 486
397 398
397 487
398 399
398 488
399 400
399 489
400 401
400 490
401 402
401 491
402 403
402 492
403 404
403 493
404 405
404 494
405 406
405 495
406 407
406 496
407 408
407 497
408 409
408 498
409 410
409 499
410 411
410 500
411 412
411 501
412 413
412 502
413 414
413 503
414 415
414 504
415 416
415 505
416 417
416 506
417 418
417 507
418 419
418 508
419 420
419 509
420 421
420 510
421 422
421 511
422 423
422 512
423 424
423 513
424 425
424 514
425 426
425 515
426 427
426 516
427 428
427 517
428 429
428 518
429 430
429 519
430 431
430 520
431 432
431 521
432 433
432 522
433 434
433 523
434 435
434 524
435 436
435 525
436 437
436 526
437 438
437 527
438 439
438 528
439 440
439 529
440 441
440 530
441 442
441 531
442 443
442 532
443 444
443 533
444 445
444 534
445 446
445 535
446 447
446 536
447 448
447 537
448 449
448 538
449 450
449 539
450 540
451 452
451 541
452 453
452 542
453 454
453 543
454 455
454 544
455 456
455 545
456 457
456 546
457 458
457 547
458 459
458 548
459 460
459 549
460 461
460 550
461 462
461 551
462 463
462 552
463 464
463 553
464 465
464 554
465 466
465 555
466 467
466 556
467 468
467 557
468 469
468 558
469 470
469 559
470 471
470 560
471 472
471 561
472 473
472 562
473 474
473 563
474 475
474 564
475 476
475 565
476 477
476 566
477 478
477 567
478 479
478 568
479 480
479 569
480 481
480 570
481 482
481 571
482 483
482 572
483 484
483 573
484 485
484 574
485 486
485 575
486 487
486 576
487 488
487 577
488 489
488 578
489 490
489 579
490 491
490 580
491 492
491 581
492 493
492 582
493 494
493 583
494 495
494 584
495 496
495 585
496 497
496 586
497 498
497 587
498 499
498 588
499 500
499 589
500 501
500 590
501 502
501 591
502 503
502 592
503 504
503 593
504 505
504 594
505 506
505 595
506 507
506 596
507 508
507 597
508 509
508 598
509 510
509 599
510 511
510 600
511 512
511 601
512 513
512 602
513 514
513 603
514 515
514 604
515 516
515 605
516 517
516 606
517 518
517 607
518 519
518 608
519 520
519 609
520 521
520 610
521 522
521 611
522 523
522 612
523 524
523 613
524 525
524 614
525 526
525 615
526 527
526 616
527 528
527 617
528 529
528 618
529 530
529 619
530 531
530 620
531 532
531 621
532 533
532 622
533 534
533 623
534 535
534 624
535 536
535 625
536 537
536 626
537 538
537 627
538 539
538 628
539 540
539 629
540 630
541 542
541 631
542 543
542 632
543 544
543 633
544 545
544 634
545 546
545 635
546 547
546 636
547 548
547 637
548 549
548 638
549 550
549 639
550 551
550 640
551 552
551 641
552 553
552 642
553 554
553 643
554 555
554 644
555 556
555 645
556 557
556 646
557 558
557 647
558 559
558 648
559 560
559 649
560 561
560 650
561 562
561 651
562 563
562 652
563 564
563 653
564 565
564 654
565 566
565 655
566 567
566 656
567 568
567 657
568 569
568 658
569 570
569 659
570 571
570 660
571 572
571 661
572 573
572 662
573 574
573 663
574 575
574 664
575 576
575 665
576 577
576 666
577 578
577 667
578 579
578 668
579 580
579 669
580 581
580 670
581 582
581 671
582 583
582 672
583 584
583 673
584 585
584 674
585 586
585 675
586 587
586 676
587 588
587 677
588 589
588 678
589 590
589 679
590 591
590 680
591 592
591 681
592 593
592 682
593 594
593 683
594 595
594 684
595 596
595 685
596 597
596 686
597 598
597 687
598 599
598 688
599 600
599 689
600 601
600 690
601 602
601 691
602 603
602 692
603 604
603 693
604 605
604 694
605 606
605 695
606 607
606 696
607 608
607 697
608 609
608 698
609 610
609 699
610 611
610 700
611 612
611 701
612 613
612 702
613 614
613 703
614 615
614 704
615 616
615 705
616 617
616 706
617 618
617 707
618 619
618 708
619 620
619 709
620 621
620 710
621 622
621 711
622 623
622 712
623 624
623 713
624 625
624 714
625 626
625 715
626 627
626 716
627 628
627 717
628 629
628 718
629 630
629 719
630 720
631 632
631 721
632 633
632 722
633 634
633 723
634 635
634 724
635 636
635 725
636 637
636 726
637 638
637 727
638 639
638 728
639 640
639 729
640 641
640 730
641 642
641 731
642 643
642 732
643 644
643 733
644 645
644 734
645 646
645 735
646 647
646 736
647 648
647 737
648 649
648 738
649 650
649 739
650 651
650 740
651 652
651 741
652 653
652 742
653 654
653 743
654 655
654 744
655 656
655 745
656 657
656 746
657 658
657 747
658 659
658 748
659 660
659 749
660 661
660 750
661 662
661 751
662 663
662 752
663 664
663 753
664 665
664 754
665 666
665 755
666 667
666 756
667 668
667 757
668 669
668 758
669 670
669 759
670 671
670 760
671 672
671 761
672 673
672 762
673 674
673 763
674 675
674 764
675 676
675 765
676 677
676 766
677 678
677 767
678 679
678 768
679 680
679 769
680 681
680 770
681 682
681 771
682 683
682 772
683 684
683 773
684 685
684 774
685 686
685 775
686 687
686 776
687 688
687 777
688 689
688 778
689 690
689 779
690 691
690 780
691 692
691 781
692 693
692 782
693 694
693 783
694 695
694 784
695 696
695 785
696 697
696 786
697 698
697 787
698 699
698 788
699 700
699 789
700 701
700 790
701 702
701 791
702 703
702 792
703 704
703 793
704 705
704 794
705 706
705 795
706 707
706 796
707 708
707 797
708 709
708 798
709 710
709 799
710 711
710 800
711 712
711 801
712 713
712 802
713 714
713 803
714 715
714 804
715 716
715 805
716 717
716 806
717 718
717 807
718 719
718 808
719 720
719 809
720 810
721 722
721 811
722 723
722 812
723 724
723 813
724 725
724 814
725 726
725 815
726 727
726 816
727 728
727 817
728 729
728 818
729 730
729 819
730 731
730 820
731 732
731 821
732 733
732 822
733 734
733 823
734 735
734 824
735 736
735 825
736 737
736 826
737 738
737 827
738 739
738 828
739 740
739 829
740 741
740 830
741 742
741 831
742 743
742 832
743 744
743 833
744 745
744 834
745 746
745 835
746 747
746 836
747 748
747 837
748 749
748 838
749 750
749 839
750 751
750 840
751 752
751 841
752 753
752 842
753 754
753 843
754 755
754 844
755 756
755 845
756 757
756 846
757 758
757 847
758 759
758 848
759 760
759 849
760 761
760 850
761 762
761 851
762 763
762 852
763 764
763 853
764 765
764 854
765 766
765 855
766 767
766 856
767 768
767 857
768 769
768 858
769 770
769 859
770 771
770 860
771 772
771 861
772 773
772 862
773 774
773 863
774 775
774 864
775 776
775 865
776 777
776 866
777 778
777 867
778 779
778 868
779 780
779 869
780 781
780 870
781 782
781 871
782 783
782 872
783 784
783 873
784 785
784 874
785 786
785 875
786 787
786 876
787 788
787 877
788 789
788 878
789 790
789 879
790 791
790 880
791 792
791 881
792 793
792 882
793 794
793 883
794 795
794 884
795 796
795 885
796 797
796 886
797 798
797 887
798 799
798 888
799 800
799 889
800 801
800 890
801 802
801 891
802 803
802 892
803 804
803 893
804 805
804 894
805 806
805 895
806 807
806 896
807 808
807 897
808 809
808 898
809 810
809 899
810 900
811 812
811 901
812 813
812 902
813 814
813 903
814 815
814 904
815 816
815 905
816 817
816 906
817 818
817 907
818 819
818 908
819 820
819 909
820 821
820 910
821 822
821 911
822 823
822 912
823 824
823 913
824 825
824 914
825 826
825 915
826 827
826 916
827 828
827 917
828 829
828 918
829 830
829 919
830 831
830 920
831 832
831 921
832 833
832 922
833 834
833 923
834 835
834 924
835 836
835 925
836 837
836 926
837 838
837 927
838 839
838 928
839 840
839 929
840 841
840 930
841 842
841 931
842 843
842 932
843 844
843 933
844 845
844 934
845 846
845 935
846 847
846 936
847 848
847 937
848 849
848 938
849 850
849 939
850 851
850 940
851 852
851 941
852 853
852 942
853 854
853 943
854 855
854 944
855 856
855 945
856 857
856 946
857 858
857 947
858 859
858 948
859 860
859 949
860 861
860 950
861 862
861 951
862 863
862 952
863 864
863 953
864 865
864 954
865 866
865 955
866 867
866 956
867 868
867 957
868 869
868 958
869 870
869 959
870 871
870 960
871 872
871 961
872 873
872 962
873 874
873 963
874 875
874 964
875 876
875 965
876 877
876 966
877 878
877 967
878 879
878 968
879 880
879 969
880 881
880 970
881 882
881 971
882 883
882 972
883 884
883 973
884 885
884 974
885 886
885 975
886 887
886 976
887 888
887 977
888 889
888 978
889 890
889 979
890 891
890 980
891 892
891 981
892 893
892 982
893 894
893 983
894 895
894 984
895 896
895 985
896 897
896 986
897 898
897 987
898 899
898 988
899 900
899 989
900 990
901 902
901 991
902 903
902 992
903 904
903 993
904 905
904 994
905 906
905 995
906 907
906 996
907 908
907 997
908 909
908 998
909 910
909 999
910 911
910 1000
911 912
911 1001
912 913
912 1002
913 914
913 1003
914 915
914 1004
915 916
915 1005
916 917
916 1006
917 918
917 1007
918 919
918 1008
919 920
919 1009
920 921
920 1010
921 922
921 1011
922 923
922 1012
923 924
923 1013
924 925
924 1014
925 926
925 1015
926 927
926 1016
927 928
927 1017
928 929
928 1018
929 930
929 1019
930 931
930 1020
931 932
931 1021
932 933
932 1022
933 934
933 1023
934 935
934 1024
935 936
935 1025
936 937
936 1026
937 938
937 1027
938 939
938 1028
939 940
939 1029
940 941
940 1030
941 942
941 1031
942 943
942 1032
943 944
943 1033
944 945
944 1034
945 946
945 1035
946 947
946 1036
947 948
947 1037
948 949
948 1038
949 950
949 1039
950 951
950 1040
951 952
951 1041
952 953
952 1042
953 954
953 1043
954 955
954 1044
955 956
955 1045
956 957
956 1046
957 958
957 1047
958 959
958 1048
959 960
959 1049
960 961
960 1050
961 962
961 1051
962 963
962 1052
963 964
963 1053
964 965
964 1054
965 966
965 1055
966 967
966 1056
967 968
967 1057
968 969
968 1058
969 970
969 1059
970 971
970 1060
971 972
971 1061
972 973
972 1062
973 974
973 1063
974 975
974 1064
975 976
975 1065
976 977
976 1066
977 978
977 1067
978 979
978 1068
979 980
979 1069
980 981
980 1070
981 982
981 1071
982 983
982 1072
983 984
983 1073
984 985
984 1074
985 986
985 1075
986 987
986 1076
987 988
987 1077
988 989
988 1078
989 990
989 1079
990 1080
991 992
992 993
993 994
994 995
995 996
996 997
997 998
998 999
999 1000
1000 1001
1001 1002
1002 1003
1003 1004
1004 1005
1005 1006
1006 1007
1007 1008
1008 1009
1009 1010
1010 1011
1011 1012
1012 1013
1013 1014
1014 1015
1015 1016
1016 1017
1017 1018
1018 1019
1019 1020
1020 1021
1021 1022
1022 1023
1023 1024
1024 1025
1025 1026
1026 1027
1027 1028
1028 1029
1029 1030
1030 1031
1031 1032
1032 1033
1033 1034
1034 1035
1035 1036
1036 1037
1037 1038
1038 1039
1039 1040
1040 1041
1041 1042
1042 1043
1043 1044
1044 1045
1045 1046
1046 1047
1047 1048
1048 1049
1049 1050
1050 1051
1051 1052
1052 1053
1053 1054
1054 1055
1055 1056
1056 1057
1057 1058
1058 1059
1059 1060
1060 1061
1061 1062
1062 1063
1063 1064
1064 1065
1065 1066
1066 1067
1067 1068
1068 1069
1069 1070
1070 1071
1071 1072
1072 1073
1073 1074
1074 1075
1075 1076
1076 1077
1077 1078
1078 1079
1079 1080

