Problem name: mesh80x13.txt 	 Optimal solution = 514
1040 1040 4160
1 2
1 81
2 3
2 82
3 4
3 83
4 5
4 84
5 6
5 85
6 7
6 86
7 8
7 87
8 9
8 88
9 10
9 89
10 11
10 90
11 12
11 91
12 13
12 92
13 14
13 93
14 15
14 94
15 16
15 95
16 17
16 96
17 18
17 97
18 19
18 98
19 20
19 99
20 21
20 100
21 22
21 101
22 23
22 102
23 24
23 103
24 25
24 104
25 26
25 105
26 27
26 106
27 28
27 107
28 29
28 108
29 30
29 109
30 31
30 110
31 32
31 111
32 33
32 112
33 34
33 113
34 35
34 114
35 36
35 115
36 37
36 116
37 38
37 117
38 39
38 118
39 40
39 119
40 41
40 120
41 42
41 121
42 43
42 122
43 44
43 123
44 45
44 124
45 46
45 125
46 47
46 126
47 48
47 127
48 49
48 128
49 50
49 129
50 51
50 130
51 52
51 131
52 53
52 132
53 54
53 133
54 55
54 134
55 56
55 135
56 57
56 136
57 58
57 137
58 59
58 138
59 60
59 139
60 61
60 140
61 62
61 141
62 63
62 142
63 64
63 143
64 65
64 144
65 66
65 145
66 67
66 146
67 68
67 147
68 69
68 148
69 70
69 149
70 71
70 150
71 72
71 151
72 73
72 152
73 74
73 153
74 75
74 154
75 76
75 155
76 77
76 156
77 78
77 157
78 79
78 158
79 80
79 159
80 160
81 82
81 161
82 83
82 162
83 84
83 163
84 85
84 164
85 86
85 165
86 87
86 166
87 88
87 167
88 89
88 168
89 90
89 169
90 91
90 170
91 92
91 171
92 93
92 172
93 94
93 173
94 95
94 174
95 96
95 175
96 97
96 176
97 98
97 177
98 99
98 178
99 100
99 179
100 101
100 180
101 102
101 181
102 103
102 182
103 104
103 183
104 105
104 184
105 106
105 185
106 107
106 186
107 108
107 187
108 109
108 188
109 110
109 189
110 111
110 190
111 112
111 191
112 113
112 192
113 114
113 193
114 115
114 194
115 116
115 195
116 117
116 196
117 118
117 197
118 119
118 198
119 120
119 199
120 121
120 200
121 122
121 201
122 123
122 202
123 124
123 203
124 125
124 204
125 126
125 205
126 127
126 206
127 128
127 207
128 129
128 208
129 130
129 209
130 131
130 210
131 132
131 211
132 133
132 212
133 134
133 213
134 135
134 214
135 136
135 215
136 137
136 216
137 138
137 217
138 139
138 218
139 140
139 219
140 141
140 220
141 142
141 221
142 143
142 222
143 144
143 223
144 145
144 224
145 146
145 225
146 147
146 226
147 148
147 227
148 149
148 228
149 150
149 229
150 151
150 230
151 152
151 231
152 153
152 232
153 154
153 233
154 155
154 234
155 156
155 235
156 157
156 236
157 158
157 237
158 159
158 238
159 160
159 239
160 240
161 162
161 241
162 163
162 242
163 164
163 243
164 165
164 244
165 166
165 245
166 167
166 246
167 168
167 247
168 169
168 248
169 170
169 249
170 171
170 250
171 172
171 251
172 173
172 252
173 174
173 253
174 175
174 254
175 176
175 255
176 177
176 256
177 178
177 257
178 179
178 258
179 180
179 259
180 181
180 260
181 182
181 261
182 183
182 262
183 184
183 263
184 185
184 264
185 186
185 265
186 187
186 266
187 188
187 267
188 189
188 268
189 190
189 269
190 191
190 270
191 192
191 271
192 193
192 272
193 194
193 273
194 195
194 274
195 196
195 275
196 197
196 276
197 198
197 277
198 199
198 278
199 200
199 279
200 201
200 280
201 202
201 281
202 203
202 282
203 204
203 283
204 205
204 284
205 206
205 285
206 207
206 286
207 208
207 287
208 209
208 288
209 210
209 289
210 211
210 290
211 212
211 291
212 213
212 292
213 214
213 293
214 215
214 294
215 216
215 295
216 217
216 296
217 218
217 297
218 219
218 298
219 220
219 299
220 221
220 300
221 222
221 301
222 223
222 302
223 224
223 303
224 225
224 304
225 226
225 305
226 227
226 306
227 228
227 307
228 229
228 308
229 230
229 309
230 231
230 310
231 232
231 311
232 233
232 312
233 234
233 313
234 235
234 314
235 236
235 315
236 237
236 316
237 238
237 317
238 239
238 318
239 240
239 319
240 320
241 242
241 321
242 243
242 322
243 244
243 323
244 245
244 324
245 246
245 325
246 247
246 326
247 248
247 327
248 249
248 328
249 250
249 329
250 251
250 330
251 252
251 331
252 253
252 332
253 254
253 333
254 255
254 334
255 256
255 335
256 257
256 336
257 258
257 337
258 259
258 338
259 260
259 339
260 261
260 340
261 262
261 341
262 263
262 342
263 264
263 343
264 265
264 344
265 266
265 345
266 267
266 346
267 268
267 347
268 269
268 348
269 270
269 349
270 271
270 350
271 272
271 351
272 273
272 352
273 274
273 353
274 275
274 354
275 276
275 355
276 277
276 356
277 278
277 357
278 279
278 358
279 280
279 359
280 281
280 360
281 282
281 361
282 283
282 362
283 284
283 363
284 285
284 364
285 286
285 365
286 287
286 366
287 288
287 367
288 289
288 368
289 290
289 369
290 291
290 370
291 292
291 371
292 293
292 372
293 294
293 373
294 295
294 374
295 296
295 375
296 297
296 376
297 298
297 377
298 299
298 378
299 300
299 379
300 301
300 380
301 302
301 381
302 303
302 382
303 304
303 383
304 305
304 384
305 306
305 385
306 307
306 386
307 308
307 387
308 309
308 388
309 310
309 389
310 311
310 390
311 312
311 391
312 313
312 392
313 314
313 393
314 315
314 394
315 316
315 395
316 317
316 396
317 318
317 397
318 319
318 398
319 320
319 399
320 400
321 322
321 401
322 323
322 402
323 324
323 403
324 325
324 404
325 326
325 405
326 327
326 406
327 328
327 407
328 329
328 408
329 330
329 409
330 331
330 410
331 332
331 411
332 333
332 412
333 334
333 413
334 335
334 414
335 336
335 415
336 337
336 416
337 338
337 417
338 339
338 418
339 340
339 419
340 341
340 420
341 342
341 421
342 343
342 422
343 344
343 423
344 345
344 424
345 346
345 425
346 347
346 426
347 348
347 427
348 349
348 428
349 350
349 429
350 351
350 430
351 352
351 431
352 353
352 432
353 354
353 433
354 355
354 434
355 356
355 435
356 357
356 436
357 358
357 437
358 359
358 438
359 360
359 439
360 361
360 440
361 362
361 441
362 363
362 442
363 364
363 443
364 365
364 444
365 366
365 445
366 367
366 446
367 368
367 447
368 369
368 448
369 370
369 449
370 371
370 450
371 372
371 451
372 373
372 452
373 374
373 453
374 375
374 454
375 376
375 455
376 377
376 456
377 378
377 457
378 379
378 458
379 380
379 459
380 381
380 460
381 382
381 461
382 383
382 462
383 384
383 463
384 385
384 464
385 386
385 465
386 387
386 466
387 388
387 467
388 389
388 468
389 390
389 469
390 391
390 470
391 392
391 471
392 393
392 472
393 394
393 473
394 395
394 474
395 396
395 475
396 397
396 476
397 398
397 477
398 399
398 478
399 400
399 479
400 480
401 402
401 481
402 403
402 482
403 404
403 483
404 405
404 484
405 406
405 485
406 407
406 486
407 408
407 487
408 409
408 488
409 410
409 489
410 411
410 490
411 412
411 491
412 413
412 492
413 414
413 493
414 415
414 494
415 416
415 495
416 417
416 496
417 418
417 497
418 419
418 498
419 420
419 499
420 421
420 500
421 422
421 501
422 423
422 502
423 424
423 503
424 425
424 504
425 426
425 505
426 427
426 506
427 428
427 507
428 429
428 508
429 430
429 509
430 431
430 510
431 432
431 511
432 433
432 512
433 434
433 513
434 435
434 514
435 436
435 515
436 437
436 516
437 438
437 517
438 439
438 518
439 440
439 519
440 441
440 520
441 442
441 521
442 443
442 522
443 444
443 523
444 445
444 524
445 446
445 525
446 447
446 526
447 448
447 527
448 449
448 528
449 450
449 529
450 451
450 530
451 452
451 531
452 453
452 532
453 454
453 533
454 455
454 534
455 456
455 535
456 457
456 536
457 458
457 537
458 459
458 538
459 460
459 539
460 461
460 540
461 462
461 541
462 463
462 542
463 464
463 543
464 465
464 544
465 466
465 545
466 467
466 546
467 468
467 547
468 469
468 548
469 470
469 549
470 471
470 550
471 472
471 551
472 473
472 552
473 474
473 553
474 475
474 554
475 476
475 555
476 477
476 556
477 478
477 557
478 479
478 558
479 480
479 559
480 560
481 482
481 561
482 483
482 562
483 484
483 563
484 485
484 564
485 486
485 565
486 487
486 566
487 488
487 567
488 489
488 568
489 490
489 569
490 491
490 570
491 492
491 571
492 493
492 572
493 494
493 573
494 495
494 574
495 496
495 575
496 497
496 576
497 498
497 577
498 499
498 578
499 500
499 579
500 501
500 580
501 502
501 581
502 503
502 582
503 504
503 583
504 505
504 584
505 506
505 585
506 507
506 586
507 508
507 587
508 509
508 588
509 510
509 589
510 511
510 590
511 512
511 591
512 513
512 592
513 514
513 593
514 515
514 594
515 516
515 595
516 517
516 596
517 518
517 597
518 519
518 598
519 520
519 599
520 521
520 600
521 522
521 601
522 523
522 602
523 524
523 603
524 525
524 604
525 526
525 605
526 527
526 606
527 528
527 607
528 529
528 608
529 530
529 609
530 531
530 610
531 532
531 611
532 533
532 612
533 534
533 613
534 535
534 614
535 536
535 615
536 537
536 616
537 538
537 617
538 539
538 618
539 540
539 619
540 541
540 620
541 542
541 621
542 543
542 622
543 544
543 623
544 545
544 624
545 546
545 625
546 547
546 626
547 548
547 627
548 549
548 628
549 550
549 629
550 551
550 630
551 552
551 631
552 553
552 632
553 554
553 633
554 555
554 634
555 556
555 635
556 557
556 636
557 558
557 637
558 559
558 638
559 560
559 639
560 640
561 562
561 641
562 563
562 642
563 564
563 643
564 565
564 644
565 566
565 645
566 567
566 646
567 568
567 647
568 569
568 648
569 570
569 649
570 571
570 650
571 572
571 651
572 573
572 652
573 574
573 653
574 575
574 654
575 576
575 655
576 577
576 656
577 578
577 657
578 579
578 658
579 580
579 659
580 581
580 660
581 582
581 661
582 583
582 662
583 584
583 663
584 585
584 664
585 586
585 665
586 587
586 666
587 588
587 667
588 589
588 668
589 590
589 669
590 591
590 670
591 592
591 671
592 593
592 672
593 594
593 673
594 595
594 674
595 596
595 675
596 597
596 676
597 598
597 677
598 599
598 678
599 600
599 679
600 601
600 680
601 602
601 681
602 603
602 682
603 604
603 683
604 605
604 684
605 606
605 685
606 607
606 686
607 608
607 687
608 609
608 688
609 610
609 689
610 611
610 690
611 612
611 691
612 613
612 692
613 614
613 693
614 615
614 694
615 616
615 695
616 617
616 696
617 618
617 697
618 619
618 698
619 620
619 699
620 621
620 700
621 622
621 701
622 623
622 702
623 624
623 703
624 625
624 704
625 626
625 705
626 627
626 706
627 628
627 707
628 629
628 708
629 630
629 709
630 631
630 710
631 632
631 711
632 633
632 712
633 634
633 713
634 635
634 714
635 636
635 715
636 637
636 716
637 638
637 717
638 639
638 718
639 640
639 719
640 720
641 642
641 721
642 643
642 722
643 644
643 723
644 645
644 724
645 646
645 725
646 647
646 726
647 648
647 727
648 649
648 728
649 650
649 729
650 651
650 730
651 652
651 731
652 653
652 732
653 654
653 733
654 655
654 734
655 656
655 735
656 657
656 736
657 658
657 737
658 659
658 738
659 660
659 739
660 661
660 740
661 662
661 741
662 663
662 742
663 664
663 743
664 665
664 744
665 666
665 745
666 667
666 746
667 668
667 747
668 669
668 748
669 670
669 749
670 671
670 750
671 672
671 751
672 673
672 752
673 674
673 753
674 675
674 754
675 676
675 755
676 677
676 756
677 678
677 757
678 679
678 758
679 680
679 759
680 681
680 760
681 682
681 761
682 683
682 762
683 684
683 763
684 685
684 764
685 686
685 765
686 687
686 766
687 688
687 767
688 689
688 768
689 690
689 769
690 691
690 770
691 692
691 771
692 693
692 772
693 694
693 773
694 695
694 774
695 696
695 775
696 697
696 776
697 698
697 777
698 699
698 778
699 700
699 779
700 701
700 780
701 702
701 781
702 703
702 782
703 704
703 783
704 705
704 784
705 706
705 785
706 707
706 786
707 708
707 787
708 709
708 788
709 710
709 789
710 711
710 790
711 712
711 791
712 713
712 792
713 714
713 793
714 715
714 794
715 716
715 795
716 717
716 796
717 718
717 797
718 719
718 798
719 720
719 799
720 800
721 722
721 801
722 723
722 802
723 724
723 803
724 725
724 804
725 726
725 805
726 727
726 806
727 728
727 807
728 729
728 808
729 730
729 809
730 731
730 810
731 732
731 811
732 733
732 812
733 734
733 813
734 735
734 814
735 736
735 815
736 737
736 816
737 738
737 817
738 739
738 818
739 740
739 819
740 741
740 820
741 742
741 821
742 743
742 822
743 744
743 823
744 745
744 824
745 746
745 825
746 747
746 826
747 748
747 827
748 749
748 828
749 750
749 829
750 751
750 830
751 752
751 831
752 753
752 832
753 754
753 833
754 755
754 834
755 756
755 835
756 757
756 836
757 758
757 837
758 759
758 838
759 760
759 839
760 761
760 840
761 762
761 841
762 763
762 842
763 764
763 843
764 765
764 844
765 766
765 845
766 767
766 846
767 768
767 847
768 769
768 848
769 770
769 849
770 771
770 850
771 772
771 851
772 773
772 852
773 774
773 853
774 775
774 854
775 776
775 855
776 777
776 856
777 778
777 857
778 779
778 858
779 780
779 859
780 781
780 860
781 782
781 861
782 783
782 862
783 784
783 863
784 785
784 864
785 786
785 865
786 787
786 866
787 788
787 867
788 789
788 868
789 790
789 869
790 791
790 870
791 792
791 871
792 793
792 872
793 794
793 873
794 795
794 874
795 796
795 875
796 797
796 876
797 798
797 877
798 799
798 878
799 800
799 879
800 880
801 802
801 881
802 803
802 882
803 804
803 883
804 805
804 884
805 806
805 885
806 807
806 886
807 808
807 887
808 809
808 888
809 810
809 889
810 811
810 890
811 812
811 891
812 813
812 892
813 814
813 893
814 815
814 894
815 816
815 895
816 817
816 896
817 818
817 897
818 819
818 898
819 820
819 899
820 821
820 900
821 822
821 901
822 823
822 902
823 824
823 903
824 825
824 904
825 826
825 905
826 827
826 906
827 828
827 907
828 829
828 908
829 830
829 909
830 831
830 910
831 832
831 911
832 833
832 912
833 834
833 913
834 835
834 914
835 836
835 915
836 837
836 916
837 838
837 917
838 839
838 918
839 840
839 919
840 841
840 920
841 842
841 921
842 843
842 922
843 844
843 923
844 845
844 924
845 846
845 925
846 847
846 926
847 848
847 927
848 849
848 928
849 850
849 929
850 851
850 930
851 852
851 931
852 853
852 932
853 854
853 933
854 855
854 934
855 856
855 935
856 857
856 936
857 858
857 937
858 859
858 938
859 860
859 939
860 861
860 940
861 862
861 941
862 863
862 942
863 864
863 943
864 865
864 944
865 866
865 945
866 867
866 946
867 868
867 947
868 869
868 948
869 870
869 949
870 871
870 950
871 872
871 951
872 873
872 952
873 874
873 953
874 875
874 954
875 876
875 955
876 877
876 956
877 878
877 957
878 879
878 958
879 880
879 959
880 960
881 882
881 961
882 883
882 962
883 884
883 963
884 885
884 964
885 886
885 965
886 887
886 966
887 888
887 967
888 889
888 968
889 890
889 969
890 891
890 970
891 892
891 971
892 893
892 972
893 894
893 973
894 895
894 974
895 896
895 975
896 897
896 976
897 898
897 977
898 899
898 978
899 900
899 979
900 901
900 980
901 902
901 981
902 903
902 982
903 904
903 983
904 905
904 984
905 906
905 985
906 907
906 986
907 908
907 987
908 909
908 988
909 910
909 989
910 911
910 990
911 912
911 991
912 913
912 992
913 914
913 993
914 915
914 994
915 916
915 995
916 917
916 996
917 918
917 997
918 919
918 998
919 920
919 999
920 921
920 1000
921 922
921 1001
922 923
922 1002
923 924
923 1003
924 925
924 1004
925 926
925 1005
926 927
926 1006
927 928
927 1007
928 929
928 1008
929 930
929 1009
930 931
930 1010
931 932
931 1011
932 933
932 1012
933 934
933 1013
934 935
934 1014
935 936
935 1015
936 937
936 1016
937 938
937 1017
938 939
938 1018
939 940
939 1019
940 941
940 1020
941 942
941 1021
942 943
942 1022
943 944
943 1023
944 945
944 1024
945 946
945 1025
946 947
946 1026
947 948
947 1027
948 949
948 1028
949 950
949 1029
950 951
950 1030
951 952
951 1031
952 953
952 1032
953 954
953 1033
954 955
954 1034
955 956
955 1035
956 957
956 1036
957 958
957 1037
958 959
958 1038
959 960
959 1039
960 1040
961 962
962 963
963 964
964 965
965 966
966 967
967 968
968 969
969 970
970 971
971 972
972 973
973 974
974 975
975 976
976 977
977 978
978 979
979 980
980 981
981 982
982 983
983 984
984 985
985 986
986 987
987 988
988 989
989 990
990 991
991 992
992 993
993 994
994 995
995 996
996 997
997 998
998 999
999 1000
1000 1001
1001 1002
1002 1003
1003 1004
1004 1005
1005 1006
1006 1007
1007 1008
1008 1009
1009 1010
1010 1011
1011 1012
1012 1013
1013 1014
1014 1015
1015 1016
1016 1017
1017 1018
1018 1019
1019 1020
1020 1021
1021 1022
1022 1023
1023 1024
1024 1025
1025 1026
1026 1027
1027 1028
1028 1029
1029 1030
1030 1031
1031 1032
1032 1033
1033 1034
1034 1035
1035 1036
1036 1037
1037 1038
1038 1039
1039 1040

