Problem name: mesh120x8.txt 	 Optimal solution = 476
960 960 3840
1 2
1 121
2 3
2 122
3 4
3 123
4 5
4 124
5 6
5 125
6 7
6 126
7 8
7 127
8 9
8 128
9 10
9 129
10 11
10 130
11 12
11 131
12 13
12 132
13 14
13 133
14 15
14 134
15 16
15 135
16 17
16 136
17 18
17 137
18 19
18 138
19 20
19 139
20 21
20 140
21 22
21 141
22 23
22 142
23 24
23 143
24 25
24 144
25 26
25 145
26 27
26 146
27 28
27 147
28 29
28 148
29 30
29 149
30 31
30 150
31 32
31 151
32 33
32 152
33 34
33 153
34 35
34 154
35 36
35 155
36 37
36 156
37 38
37 157
38 39
38 158
39 40
39 159
40 41
40 160
41 42
41 161
42 43
42 162
43 44
43 163
44 45
44 164
45 46
45 165
46 47
46 166
47 48
47 167
48 49
48 168
49 50
49 169
50 51
50 170
51 52
51 171
52 53
52 172
53 54
53 173
54 55
54 174
55 56
55 175
56 57
56 176
57 58
57 177
58 59
58 178
59 60
59 179
60 61
60 180
61 62
61 181
62 63
62 182
63 64
63 183
64 65
64 184
65 66
65 185
66 67
66 186
67 68
67 187
68 69
68 188
69 70
69 189
70 71
70 190
71 72
71 191
72 73
72 192
73 74
73 193
74 75
74 194
75 76
75 195
76 77
76 196
77 78
77 197
78 79
78 198
79 80
79 199
80 81
80 200
81 82
81 201
82 83
82 202
83 84
83 203
84 85
84 204
85 86
85 205
86 87
86 206
87 88
87 207
88 89
88 208
89 90
89 209
90 91
90 210
91 92
91 211
92 93
92 212
93 94
93 213
94 95
94 214
95 96
95 215
96 97
96 216
97 98
97 217
98 99
98 218
99 100
99 219
100 101
100 220
101 102
101 221
102 103
102 222
103 104
103 223
104 105
104 224
105 106
105 225
106 107
106 226
107 108
107 227
108 109
108 228
109 110
109 229
110 111
110 230
111 112
111 231
112 113
112 232
113 114
113 233
114 115
114 234
115 116
115 235
116 117
116 236
117 118
117 237
118 119
118 238
119 120
119 239
120 240
121 122
121 241
122 123
122 242
123 124
123 243
124 125
124 244
125 126
125 245
126 127
126 246
127 128
127 247
128 129
128 248
129 130
129 249
130 131
130 250
131 132
131 251
132 133
132 252
133 134
133 253
134 135
134 254
135 136
135 255
136 137
136 256
137 138
137 257
138 139
138 258
139 140
139 259
140 141
140 260
141 142
141 261
142 143
142 262
143 144
143 263
144 145
144 264
145 146
145 265
146 147
146 266
147 148
147 267
148 149
148 268
149 150
149 269
150 151
150 270
151 152
151 271
152 153
152 272
153 154
153 273
154 155
154 274
155 156
155 275
156 157
156 276
157 158
157 277
158 159
158 278
159 160
159 279
160 161
160 280
161 162
161 281
162 163
162 282
163 164
163 283
164 165
164 284
165 166
165 285
166 167
166 286
167 168
167 287
168 169
168 288
169 170
169 289
170 171
170 290
171 172
171 291
172 173
172 292
173 174
173 293
174 175
174 294
175 176
175 295
176 177
176 296
177 178
177 297
178 179
178 298
179 180
179 299
180 181
180 300
181 182
181 301
182 183
182 302
183 184
183 303
184 185
184 304
185 186
185 305
186 187
186 306
187 188
187 307
188 189
188 308
189 190
189 309
190 191
190 310
191 192
191 311
192 193
192 312
193 194
193 313
194 195
194 314
195 196
195 315
196 197
196 316
197 198
197 317
198 199
198 318
199 200
199 319
200 201
200 320
201 202
201 321
202 203
202 322
203 204
203 323
204 205
204 324
205 206
205 325
206 207
206 326
207 208
207 327
208 209
208 328
209 210
209 329
210 211
210 330
211 212
211 331
212 213
212 332
213 214
213 333
214 215
214 334
215 216
215 335
216 217
216 336
217 218
217 337
218 219
218 338
219 220
219 339
220 221
220 340
221 222
221 341
222 223
222 342
223 224
223 343
224 225
224 344
225 226
225 345
226 227
226 346
227 228
227 347
228 229
228 348
229 230
229 349
230 231
230 350
231 232
231 351
232 233
232 352
233 234
233 353
234 235
234 354
235 236
235 355
236 237
236 356
237 238
237 357
238 239
238 358
239 240
239 359
240 360
241 242
241 361
242 243
242 362
243 244
243 363
244 245
244 364
245 246
245 365
246 247
246 366
247 248
247 367
248 249
248 368
249 250
249 369
250 251
250 370
251 252
251 371
252 253
252 372
253 254
253 373
254 255
254 374
255 256
255 375
256 257
256 376
257 258
257 377
258 259
258 378
259 260
259 379
260 261
260 380
261 262
261 381
262 263
262 382
263 264
263 383
264 265
264 384
265 266
265 385
266 267
266 386
267 268
267 387
268 269
268 388
269 270
269 389
270 271
270 390
271 272
271 391
272 273
272 392
273 274
273 393
274 275
274 394
275 276
275 395
276 277
276 396
277 278
277 397
278 279
278 398
279 280
279 399
280 281
280 400
281 282
281 401
282 283
282 402
283 284
283 403
284 285
284 404
285 286
285 405
286 287
286 406
287 288
287 407
288 289
288 408
289 290
289 409
290 291
290 410
291 292
291 411
292 293
292 412
293 294
293 413
294 295
294 414
295 296
295 415
296 297
296 416
297 298
297 417
298 299
298 418
299 300
299 419
300 301
300 420
301 302
301 421
302 303
302 422
303 304
303 423
304 305
304 424
305 306
305 425
306 307
306 426
307 308
307 427
308 309
308 428
309 310
309 429
310 311
310 430
311 312
311 431
312 313
312 432
313 314
313 433
314 315
314 434
315 316
315 435
316 317
316 436
317 318
317 437
318 319
318 438
319 320
319 439
320 321
320 440
321 322
321 441
322 323
322 442
323 324
323 443
324 325
324 444
325 326
325 445
326 327
326 446
327 328
327 447
328 329
328 448
329 330
329 449
330 331
330 450
331 332
331 451
332 333
332 452
333 334
333 453
334 335
334 454
335 336
335 455
336 337
336 456
337 338
337 457
338 339
338 458
339 340
339 459
340 341
340 460
341 342
341 461
342 343
342 462
343 344
343 463
344 345
344 464
345 346
345 465
346 347
346 466
347 348
347 467
348 349
348 468
349 350
349 469
350 351
350 470
351 352
351 471
352 353
352 472
353 354
353 473
354 355
354 474
355 356
355 475
356 357
356 476
357 358
357 477
358 359
358 478
359 360
359 479
360 480
361 362
361 481
362 363
362 482
363 364
363 483
364 365
364 484
365 366
365 485
366 367
366 486
367 368
367 487
368 369
368 488
369 370
369 489
370 371
370 490
371 372
371 491
372 373
372 492
373 374
373 493
374 375
374 494
375 376
375 495
376 377
376 496
377 378
377 497
378 379
378 498
379 380
379 499
380 381
380 500
381 382
381 501
382 383
382 502
383 384
383 503
384 385
384 504
385 386
385 505
386 387
386 506
387 388
387 507
388 389
388 508
389 390
389 509
390 391
390 510
391 392
391 511
392 393
392 512
393 394
393 513
394 395
394 514
395 396
395 515
396 397
396 516
397 398
397 517
398 399
398 518
399 400
399 519
400 401
400 520
401 402
401 521
402 403
402 522
403 404
403 523
404 405
404 524
405 406
405 525
406 407
406 526
407 408
407 527
408 409
408 528
409 410
409 529
410 411
410 530
411 412
411 531
412 413
412 532
413 414
413 533
414 415
414 534
415 416
415 535
416 417
416 536
417 418
417 537
418 419
418 538
419 420
419 539
420 421
420 540
421 422
421 541
422 423
422 542
423 424
423 543
424 425
424 544
425 426
425 545
426 427
426 546
427 428
427 547
428 429
428 548
429 430
429 549
430 431
430 550
431 432
431 551
432 433
432 552
433 434
433 553
434 435
434 554
435 436
435 555
436 437
436 556
437 438
437 557
438 439
438 558
439 440
439 559
440 441
440 560
441 442
441 561
442 443
442 562
443 444
443 563
444 445
444 564
445 446
445 565
446 447
446 566
447 448
447 567
448 449
448 568
449 450
449 569
450 451
450 570
451 452
451 571
452 453
452 572
453 454
453 573
454 455
454 574
455 456
455 575
456 457
456 576
457 458
457 577
458 459
458 578
459 460
459 579
460 461
460 580
461 462
461 581
462 463
462 582
463 464
463 583
464 465
464 584
465 466
465 585
466 467
466 586
467 468
467 587
468 469
468 588
469 470
469 589
470 471
470 590
471 472
471 591
472 473
472 592
473 474
473 593
474 475
474 594
475 476
475 595
476 477
476 596
477 478
477 597
478 479
478 598
479 480
479 599
480 600
481 482
481 601
482 483
482 602
483 484
483 603
484 485
484 604
485 486
485 605
486 487
486 606
487 488
487 607
488 489
488 608
489 490
489 609
490 491
490 610
491 492
491 611
492 493
492 612
493 494
493 613
494 495
494 614
495 496
495 615
496 497
496 616
497 498
497 617
498 499
498 618
499 500
499 619
500 501
500 620
501 502
501 621
502 503
502 622
503 504
503 623
504 505
504 624
505 506
505 625
506 507
506 626
507 508
507 627
508 509
508 628
509 510
509 629
510 511
510 630
511 512
511 631
512 513
512 632
513 514
513 633
514 515
514 634
515 516
515 635
516 517
516 636
517 518
517 637
518 519
518 638
519 520
519 639
520 521
520 640
521 522
521 641
522 523
522 642
523 524
523 643
524 525
524 644
525 526
525 645
526 527
526 646
527 528
527 647
528 529
528 648
529 530
529 649
530 531
530 650
531 532
531 651
532 533
532 652
533 534
533 653
534 535
534 654
535 536
535 655
536 537
536 656
537 538
537 657
538 539
538 658
539 540
539 659
540 541
540 660
541 542
541 661
542 543
542 662
543 544
543 663
544 545
544 664
545 546
545 665
546 547
546 666
547 548
547 667
548 549
548 668
549 550
549 669
550 551
550 670
551 552
551 671
552 553
552 672
553 554
553 673
554 555
554 674
555 556
555 675
556 557
556 676
557 558
557 677
558 559
558 678
559 560
559 679
560 561
560 680
561 562
561 681
562 563
562 682
563 564
563 683
564 565
564 684
565 566
565 685
566 567
566 686
567 568
567 687
568 569
568 688
569 570
569 689
570 571
570 690
571 572
571 691
572 573
572 692
573 574
573 693
574 575
574 694
575 576
575 695
576 577
576 696
577 578
577 697
578 579
578 698
579 580
579 699
580 581
580 700
581 582
581 701
582 583
582 702
583 584
583 703
584 585
584 704
585 586
585 705
586 587
586 706
587 588
587 707
588 589
588 708
589 590
589 709
590 591
590 710
591 592
591 711
592 593
592 712
593 594
593 713
594 595
594 714
595 596
595 715
596 597
596 716
597 598
597 717
598 599
598 718
599 600
599 719
600 720
601 602
601 721
602 603
602 722
603 604
603 723
604 605
604 724
605 606
605 725
606 607
606 726
607 608
607 727
608 609
608 728
609 610
609 729
610 611
610 730
611 612
611 731
612 613
612 732
613 614
613 733
614 615
614 734
615 616
615 735
616 617
616 736
617 618
617 737
618 619
618 738
619 620
619 739
620 621
620 740
621 622
621 741
622 623
622 742
623 624
623 743
624 625
624 744
625 626
625 745
626 627
626 746
627 628
627 747
628 629
628 748
629 630
629 749
630 631
630 750
631 632
631 751
632 633
632 752
633 634
633 753
634 635
634 754
635 636
635 755
636 637
636 756
637 638
637 757
638 639
638 758
639 640
639 759
640 641
640 760
641 642
641 761
642 643
642 762
643 644
643 763
644 645
644 764
645 646
645 765
646 647
646 766
647 648
647 767
648 649
648 768
649 650
649 769
650 651
650 770
651 652
651 771
652 653
652 772
653 654
653 773
654 655
654 774
655 656
655 775
656 657
656 776
657 658
657 777
658 659
658 778
659 660
659 779
660 661
660 780
661 662
661 781
662 663
662 782
663 664
663 783
664 665
664 784
665 666
665 785
666 667
666 786
667 668
667 787
668 669
668 788
669 670
669 789
670 671
670 790
671 672
671 791
672 673
672 792
673 674
673 793
674 675
674 794
675 676
675 795
676 677
676 796
677 678
677 797
678 679
678 798
679 680
679 799
680 681
680 800
681 682
681 801
682 683
682 802
683 684
683 803
684 685
684 804
685 686
685 805
686 687
686 806
687 688
687 807
688 689
688 808
689 690
689 809
690 691
690 810
691 692
691 811
692 693
692 812
693 694
693 813
694 695
694 814
695 696
695 815
696 697
696 816
697 698
697 817
698 699
698 818
699 700
699 819
700 701
700 820
701 702
701 821
702 703
702 822
703 704
703 823
704 705
704 824
705 706
705 825
706 707
706 826
707 708
707 827
708 709
708 828
709 710
709 829
710 711
710 830
711 712
711 831
712 713
712 832
713 714
713 833
714 715
714 834
715 716
715 835
716 717
716 836
717 718
717 837
718 719
718 838
719 720
719 839
720 840
721 722
721 841
722 723
722 842
723 724
723 843
724 725
724 844
725 726
725 845
726 727
726 846
727 728
727 847
728 729
728 848
729 730
729 849
730 731
730 850
731 732
731 851
732 733
732 852
733 734
733 853
734 735
734 854
735 736
735 855
736 737
736 856
737 738
737 857
738 739
738 858
739 740
739 859
740 741
740 860
741 742
741 861
742 743
742 862
743 744
743 863
744 745
744 864
745 746
745 865
746 747
746 866
747 748
747 867
748 749
748 868
749 750
749 869
750 751
750 870
751 752
751 871
752 753
752 872
753 754
753 873
754 755
754 874
755 756
755 875
756 757
756 876
757 758
757 877
758 759
758 878
759 760
759 879
760 761
760 880
761 762
761 881
762 763
762 882
763 764
763 883
764 765
764 884
765 766
765 885
766 767
766 886
767 768
767 887
768 769
768 888
769 770
769 889
770 771
770 890
771 772
771 891
772 773
772 892
773 774
773 893
774 775
774 894
775 776
775 895
776 777
776 896
777 778
777 897
778 779
778 898
779 780
779 899
780 781
780 900
781 782
781 901
782 783
782 902
783 784
783 903
784 785
784 904
785 786
785 905
786 787
786 906
787 788
787 907
788 789
788 908
789 790
789 909
790 791
790 910
791 792
791 911
792 793
792 912
793 794
793 913
794 795
794 914
795 796
795 915
796 797
796 916
797 798
797 917
798 799
798 918
799 800
799 919
800 801
800 920
801 802
801 921
802 803
802 922
803 804
803 923
804 805
804 924
805 806
805 925
806 807
806 926
807 808
807 927
808 809
808 928
809 810
809 929
810 811
810 930
811 812
811 931
812 813
812 932
813 814
813 933
814 815
814 934
815 816
815 935
816 817
816 936
817 818
817 937
818 819
818 938
819 820
819 939
820 821
820 940
821 822
821 941
822 823
822 942
823 824
823 943
824 825
824 944
825 826
825 945
826 827
826 946
827 828
827 947
828 829
828 948
829 830
829 949
830 831
830 950
831 832
831 951
832 833
832 952
833 834
833 953
834 835
834 954
835 836
835 955
836 837
836 956
837 838
837 957
838 839
838 958
839 840
839 959
840 960
841 842
842 843
843 844
844 845
845 846
846 847
847 848
848 849
849 850
850 851
851 852
852 853
853 854
854 855
855 856
856 857
857 858
858 859
859 860
860 861
861 862
862 863
863 864
864 865
865 866
866 867
867 868
868 869
869 870
870 871
871 872
872 873
873 874
874 875
875 876
876 877
877 878
878 879
879 880
880 881
881 882
882 883
883 884
884 885
885 886
886 887
887 888
888 889
889 890
890 891
891 892
892 893
893 894
894 895
895 896
896 897
897 898
898 899
899 900
900 901
901 902
902 903
903 904
904 905
905 906
906 907
907 908
908 909
909 910
910 911
911 912
912 913
913 914
914 915
915 916
916 917
917 918
918 919
919 920
920 921
921 922
922 923
923 924
924 925
925 926
926 927
927 928
928 929
929 930
930 931
931 932
932 933
933 934
934 935
935 936
936 937
937 938
938 939
939 940
940 941
941 942
942 943
943 944
944 945
945 946
946 947
947 948
948 949
949 950
950 951
951 952
952 953
953 954
954 955
955 956
956 957
957 958
958 959
959 960

