Problem name: mesh34x3.txt 	 Optimal solution = 50
102 102 408
1 2
1 35
2 3
2 36
3 4
3 37
4 5
4 38
5 6
5 39
6 7
6 40
7 8
7 41
8 9
8 42
9 10
9 43
10 11
10 44
11 12
11 45
12 13
12 46
13 14
13 47
14 15
14 48
15 16
15 49
16 17
16 50
17 18
17 51
18 19
18 52
19 20
19 53
20 21
20 54
21 22
21 55
22 23
22 56
23 24
23 57
24 25
24 58
25 26
25 59
26 27
26 60
27 28
27 61
28 29
28 62
29 30
29 63
30 31
30 64
31 32
31 65
32 33
32 66
33 34
33 67
34 68
35 36
35 69
36 37
36 70
37 38
37 71
38 39
38 72
39 40
39 73
40 41
40 74
41 42
41 75
42 43
42 76
43 44
43 77
44 45
44 78
45 46
45 79
46 47
46 80
47 48
47 81
48 49
48 82
49 50
49 83
50 51
50 84
51 52
51 85
52 53
52 86
53 54
53 87
54 55
54 88
55 56
55 89
56 57
56 90
57 58
57 91
58 59
58 92
59 60
59 93
60 61
60 94
61 62
61 95
62 63
62 96
63 64
63 97
64 65
64 98
65 66
65 99
66 67
66 100
67 68
67 101
68 102
69 70
70 71
71 72
72 73
73 74
74 75
75 76
76 77
77 78
78 79
79 80
80 81
81 82
82 83
83 84
84 85
85 86
86 87
87 88
88 89
89 90
90 91
91 92
92 93
93 94
94 95
95 96
96 97
97 98
98 99
99 100
100 101
101 102
