Problem name: mesh130x7.txt 	 Optimal solution = 452
910 910 3640
1 2
1 131
2 3
2 132
3 4
3 133
4 5
4 134
5 6
5 135
6 7
6 136
7 8
7 137
8 9
8 138
9 10
9 139
10 11
10 140
11 12
11 141
12 13
12 142
13 14
13 143
14 15
14 144
15 16
15 145
16 17
16 146
17 18
17 147
18 19
18 148
19 20
19 149
20 21
20 150
21 22
21 151
22 23
22 152
23 24
23 153
24 25
24 154
25 26
25 155
26 27
26 156
27 28
27 157
28 29
28 158
29 30
29 159
30 31
30 160
31 32
31 161
32 33
32 162
33 34
33 163
34 35
34 164
35 36
35 165
36 37
36 166
37 38
37 167
38 39
38 168
39 40
39 169
40 41
40 170
41 42
41 171
42 43
42 172
43 44
43 173
44 45
44 174
45 46
45 175
46 47
46 176
47 48
47 177
48 49
48 178
49 50
49 179
50 51
50 180
51 52
51 181
52 53
52 182
53 54
53 183
54 55
54 184
55 56
55 185
56 57
56 186
57 58
57 187
58 59
58 188
59 60
59 189
60 61
60 190
61 62
61 191
62 63
62 192
63 64
63 193
64 65
64 194
65 66
65 195
66 67
66 196
67 68
67 197
68 69
68 198
69 70
69 199
70 71
70 200
71 72
71 201
72 73
72 202
73 74
73 203
74 75
74 204
75 76
75 205
76 77
76 206
77 78
77 207
78 79
78 208
79 80
79 209
80 81
80 210
81 82
81 211
82 83
82 212
83 84
83 213
84 85
84 214
85 86
85 215
86 87
86 216
87 88
87 217
88 89
88 218
89 90
89 219
90 91
90 220
91 92
91 221
92 93
92 222
93 94
93 223
94 95
94 224
95 96
95 225
96 97
96 226
97 98
97 227
98 99
98 228
99 100
99 229
100 101
100 230
101 102
101 231
102 103
102 232
103 104
103 233
104 105
104 234
105 106
105 235
106 107
106 236
107 108
107 237
108 109
108 238
109 110
109 239
110 111
110 240
111 112
111 241
112 113
112 242
113 114
113 243
114 115
114 244
115 116
115 245
116 117
116 246
117 118
117 247
118 119
118 248
119 120
119 249
120 121
120 250
121 122
121 251
122 123
122 252
123 124
123 253
124 125
124 254
125 126
125 255
126 127
126 256
127 128
127 257
128 129
128 258
129 130
129 259
130 260
131 132
131 261
132 133
132 262
133 134
133 263
134 135
134 264
135 136
135 265
136 137
136 266
137 138
137 267
138 139
138 268
139 140
139 269
140 141
140 270
141 142
141 271
142 143
142 272
143 144
143 273
144 145
144 274
145 146
145 275
146 147
146 276
147 148
147 277
148 149
148 278
149 150
149 279
150 151
150 280
151 152
151 281
152 153
152 282
153 154
153 283
154 155
154 284
155 156
155 285
156 157
156 286
157 158
157 287
158 159
158 288
159 160
159 289
160 161
160 290
161 162
161 291
162 163
162 292
163 164
163 293
164 165
164 294
165 166
165 295
166 167
166 296
167 168
167 297
168 169
168 298
169 170
169 299
170 171
170 300
171 172
171 301
172 173
172 302
173 174
173 303
174 175
174 304
175 176
175 305
176 177
176 306
177 178
177 307
178 179
178 308
179 180
179 309
180 181
180 310
181 182
181 311
182 183
182 312
183 184
183 313
184 185
184 314
185 186
185 315
186 187
186 316
187 188
187 317
188 189
188 318
189 190
189 319
190 191
190 320
191 192
191 321
192 193
192 322
193 194
193 323
194 195
194 324
195 196
195 325
196 197
196 326
197 198
197 327
198 199
198 328
199 200
199 329
200 201
200 330
201 202
201 331
202 203
202 332
203 204
203 333
204 205
204 334
205 206
205 335
206 207
206 336
207 208
207 337
208 209
208 338
209 210
209 339
210 211
210 340
211 212
211 341
212 213
212 342
213 214
213 343
214 215
214 344
215 216
215 345
216 217
216 346
217 218
217 347
218 219
218 348
219 220
219 349
220 221
220 350
221 222
221 351
222 223
222 352
223 224
223 353
224 225
224 354
225 226
225 355
226 227
226 356
227 228
227 357
228 229
228 358
229 230
229 359
230 231
230 360
231 232
231 361
232 233
232 362
233 234
233 363
234 235
234 364
235 236
235 365
236 237
236 366
237 238
237 367
238 239
238 368
239 240
239 369
240 241
240 370
241 242
241 371
242 243
242 372
243 244
243 373
244 245
244 374
245 246
245 375
246 247
246 376
247 248
247 377
248 249
248 378
249 250
249 379
250 251
250 380
251 252
251 381
252 253
252 382
253 254
253 383
254 255
254 384
255 256
255 385
256 257
256 386
257 258
257 387
258 259
258 388
259 260
259 389
260 390
261 262
261 391
262 263
262 392
263 264
263 393
264 265
264 394
265 266
265 395
266 267
266 396
267 268
267 397
268 269
268 398
269 270
269 399
270 271
270 400
271 272
271 401
272 273
272 402
273 274
273 403
274 275
274 404
275 276
275 405
276 277
276 406
277 278
277 407
278 279
278 408
279 280
279 409
280 281
280 410
281 282
281 411
282 283
282 412
283 284
283 413
284 285
284 414
285 286
285 415
286 287
286 416
287 288
287 417
288 289
288 418
289 290
289 419
290 291
290 420
291 292
291 421
292 293
292 422
293 294
293 423
294 295
294 424
295 296
295 425
296 297
296 426
297 298
297 427
298 299
298 428
299 300
299 429
300 301
300 430
301 302
301 431
302 303
302 432
303 304
303 433
304 305
304 434
305 306
305 435
306 307
306 436
307 308
307 437
308 309
308 438
309 310
309 439
310 311
310 440
311 312
311 441
312 313
312 442
313 314
313 443
314 315
314 444
315 316
315 445
316 317
316 446
317 318
317 447
318 319
318 448
319 320
319 449
320 321
320 450
321 322
321 451
322 323
322 452
323 324
323 453
324 325
324 454
325 326
325 455
326 327
326 456
327 328
327 457
328 329
328 458
329 330
329 459
330 331
330 460
331 332
331 461
332 333
332 462
333 334
333 463
334 335
334 464
335 336
335 465
336 337
336 466
337 338
337 467
338 339
338 468
339 340
339 469
340 341
340 470
341 342
341 471
342 343
342 472
343 344
343 473
344 345
344 474
345 346
345 475
346 347
346 476
347 348
347 477
348 349
348 478
349 350
349 479
350 351
350 480
351 352
351 481
352 353
352 482
353 354
353 483
354 355
354 484
355 356
355 485
356 357
356 486
357 358
357 487
358 359
358 488
359 360
359 489
360 361
360 490
361 362
361 491
362 363
362 492
363 364
363 493
364 365
364 494
365 366
365 495
366 367
366 496
367 368
367 497
368 369
368 498
369 370
369 499
370 371
370 500
371 372
371 501
372 373
372 502
373 374
373 503
374 375
374 504
375 376
375 505
376 377
376 506
377 378
377 507
378 379
378 508
379 380
379 509
380 381
380 510
381 382
381 511
382 383
382 512
383 384
383 513
384 385
384 514
385 386
385 515
386 387
386 516
387 388
387 517
388 389
388 518
389 390
389 519
390 520
391 392
391 521
392 393
392 522
393 394
393 523
394 395
394 524
395 396
395 525
396 397
396 526
397 398
397 527
398 399
398 528
399 400
399 529
400 401
400 530
401 402
401 531
402 403
402 532
403 404
403 533
404 405
404 534
405 406
405 535
406 407
406 536
407 408
407 537
408 409
408 538
409 410
409 539
410 411
410 540
411 412
411 541
412 413
412 542
413 414
413 543
414 415
414 544
415 416
415 545
416 417
416 546
417 418
417 547
418 419
418 548
419 420
419 549
420 421
420 550
421 422
421 551
422 423
422 552
423 424
423 553
424 425
424 554
425 426
425 555
426 427
426 556
427 428
427 557
428 429
428 558
429 430
429 559
430 431
430 560
431 432
431 561
432 433
432 562
433 434
433 563
434 435
434 564
435 436
435 565
436 437
436 566
437 438
437 567
438 439
438 568
439 440
439 569
440 441
440 570
441 442
441 571
442 443
442 572
443 444
443 573
444 445
444 574
445 446
445 575
446 447
446 576
447 448
447 577
448 449
448 578
449 450
449 579
450 451
450 580
451 452
451 581
452 453
452 582
453 454
453 583
454 455
454 584
455 456
455 585
456 457
456 586
457 458
457 587
458 459
458 588
459 460
459 589
460 461
460 590
461 462
461 591
462 463
462 592
463 464
463 593
464 465
464 594
465 466
465 595
466 467
466 596
467 468
467 597
468 469
468 598
469 470
469 599
470 471
470 600
471 472
471 601
472 473
472 602
473 474
473 603
474 475
474 604
475 476
475 605
476 477
476 606
477 478
477 607
478 479
478 608
479 480
479 609
480 481
480 610
481 482
481 611
482 483
482 612
483 484
483 613
484 485
484 614
485 486
485 615
486 487
486 616
487 488
487 617
488 489
488 618
489 490
489 619
490 491
490 620
491 492
491 621
492 493
492 622
493 494
493 623
494 495
494 624
495 496
495 625
496 497
496 626
497 498
497 627
498 499
498 628
499 500
499 629
500 501
500 630
501 502
501 631
502 503
502 632
503 504
503 633
504 505
504 634
505 506
505 635
506 507
506 636
507 508
507 637
508 509
508 638
509 510
509 639
510 511
510 640
511 512
511 641
512 513
512 642
513 514
513 643
514 515
514 644
515 516
515 645
516 517
516 646
517 518
517 647
518 519
518 648
519 520
519 649
520 650
521 522
521 651
522 523
522 652
523 524
523 653
524 525
524 654
525 526
525 655
526 527
526 656
527 528
527 657
528 529
528 658
529 530
529 659
530 531
530 660
531 532
531 661
532 533
532 662
533 534
533 663
534 535
534 664
535 536
535 665
536 537
536 666
537 538
537 667
538 539
538 668
539 540
539 669
540 541
540 670
541 542
541 671
542 543
542 672
543 544
543 673
544 545
544 674
545 546
545 675
546 547
546 676
547 548
547 677
548 549
548 678
549 550
549 679
550 551
550 680
551 552
551 681
552 553
552 682
553 554
553 683
554 555
554 684
555 556
555 685
556 557
556 686
557 558
557 687
558 559
558 688
559 560
559 689
560 561
560 690
561 562
561 691
562 563
562 692
563 564
563 693
564 565
564 694
565 566
565 695
566 567
566 696
567 568
567 697
568 569
568 698
569 570
569 699
570 571
570 700
571 572
571 701
572 573
572 702
573 574
573 703
574 575
574 704
575 576
575 705
576 577
576 706
577 578
577 707
578 579
578 708
579 580
579 709
580 581
580 710
581 582
581 711
582 583
582 712
583 584
583 713
584 585
584 714
585 586
585 715
586 587
586 716
587 588
587 717
588 589
588 718
589 590
589 719
590 591
590 720
591 592
591 721
592 593
592 722
593 594
593 723
594 595
594 724
595 596
595 725
596 597
596 726
597 598
597 727
598 599
598 728
599 600
599 729
600 601
600 730
601 602
601 731
602 603
602 732
603 604
603 733
604 605
604 734
605 606
605 735
606 607
606 736
607 608
607 737
608 609
608 738
609 610
609 739
610 611
610 740
611 612
611 741
612 613
612 742
613 614
613 743
614 615
614 744
615 616
615 745
616 617
616 746
617 618
617 747
618 619
618 748
619 620
619 749
620 621
620 750
621 622
621 751
622 623
622 752
623 624
623 753
624 625
624 754
625 626
625 755
626 627
626 756
627 628
627 757
628 629
628 758
629 630
629 759
630 631
630 760
631 632
631 761
632 633
632 762
633 634
633 763
634 635
634 764
635 636
635 765
636 637
636 766
637 638
637 767
638 639
638 768
639 640
639 769
640 641
640 770
641 642
641 771
642 643
642 772
643 644
643 773
644 645
644 774
645 646
645 775
646 647
646 776
647 648
647 777
648 649
648 778
649 650
649 779
650 780
651 652
651 781
652 653
652 782
653 654
653 783
654 655
654 784
655 656
655 785
656 657
656 786
657 658
657 787
658 659
658 788
659 660
659 789
660 661
660 790
661 662
661 791
662 663
662 792
663 664
663 793
664 665
664 794
665 666
665 795
666 667
666 796
667 668
667 797
668 669
668 798
669 670
669 799
670 671
670 800
671 672
671 801
672 673
672 802
673 674
673 803
674 675
674 804
675 676
675 805
676 677
676 806
677 678
677 807
678 679
678 808
679 680
679 809
680 681
680 810
681 682
681 811
682 683
682 812
683 684
683 813
684 685
684 814
685 686
685 815
686 687
686 816
687 688
687 817
688 689
688 818
689 690
689 819
690 691
690 820
691 692
691 821
692 693
692 822
693 694
693 823
694 695
694 824
695 696
695 825
696 697
696 826
697 698
697 827
698 699
698 828
699 700
699 829
700 701
700 830
701 702
701 831
702 703
702 832
703 704
703 833
704 705
704 834
705 706
705 835
706 707
706 836
707 708
707 837
708 709
708 838
709 710
709 839
710 711
710 840
711 712
711 841
712 713
712 842
713 714
713 843
714 715
714 844
715 716
715 845
716 717
716 846
717 718
717 847
718 719
718 848
719 720
719 849
720 721
720 850
721 722
721 851
722 723
722 852
723 724
723 853
724 725
724 854
725 726
725 855
726 727
726 856
727 728
727 857
728 729
728 858
729 730
729 859
730 731
730 860
731 732
731 861
732 733
732 862
733 734
733 863
734 735
734 864
735 736
735 865
736 737
736 866
737 738
737 867
738 739
738 868
739 740
739 869
740 741
740 870
741 742
741 871
742 743
742 872
743 744
743 873
744 745
744 874
745 746
745 875
746 747
746 876
747 748
747 877
748 749
748 878
749 750
749 879
750 751
750 880
751 752
751 881
752 753
752 882
753 754
753 883
754 755
754 884
755 756
755 885
756 757
756 886
757 758
757 887
758 759
758 888
759 760
759 889
760 761
760 890
761 762
761 891
762 763
762 892
763 764
763 893
764 765
764 894
765 766
765 895
766 767
766 896
767 768
767 897
768 769
768 898
769 770
769 899
770 771
770 900
771 772
771 901
772 773
772 902
773 774
773 903
774 775
774 904
775 776
775 905
776 777
776 906
777 778
777 907
778 779
778 908
779 780
779 909
780 910
781 782
782 783
783 784
784 785
785 786
786 787
787 788
788 789
789 790
790 791
791 792
792 793
793 794
794 795
795 796
796 797
797 798
798 799
799 800
800 801
801 802
802 803
803 804
804 805
805 806
806 807
807 808
808 809
809 810
810 811
811 812
812 813
813 814
814 815
815 816
816 817
817 818
818 819
819 820
820 821
821 822
822 823
823 824
824 825
825 826
826 827
827 828
828 829
829 830
830 831
831 832
832 833
833 834
834 835
835 836
836 837
837 838
838 839
839 840
840 841
841 842
842 843
843 844
844 845
845 846
846 847
847 848
848 849
849 850
850 851
851 852
852 853
853 854
854 855
855 856
856 857
857 858
858 859
859 860
860 861
861 862
862 863
863 864
864 865
865 866
866 867
867 868
868 869
869 870
870 871
871 872
872 873
873 874
874 875
875 876
876 877
877 878
878 879
879 880
880 881
881 882
882 883
883 884
884 885
885 886
886 887
887 888
888 889
889 890
890 891
891 892
892 893
893 894
894 895
895 896
896 897
897 898
898 899
899 900
900 901
901 902
902 903
903 904
904 905
905 906
906 907
907 908
908 909
909 910

