
1296 1296 2592
1 2
1 36
1 37
1 1261
2 3
2 38
2 1262
3 4
3 39
3 1263
4 5
4 40
4 1264
5 6
5 41
5 1265
6 7
6 42
6 1266
7 8
7 43
7 1267
8 9
8 44
8 1268
9 10
9 45
9 1269
10 11
10 46
10 1270
11 12
11 47
11 1271
12 13
12 48
12 1272
13 14
13 49
13 1273
14 15
14 50
14 1274
15 16
15 51
15 1275
16 17
16 52
16 1276
17 18
17 53
17 1277
18 19
18 54
18 1278
19 20
19 55
19 1279
20 21
20 56
20 1280
21 22
21 57
21 1281
22 23
22 58
22 1282
23 24
23 59
23 1283
24 25
24 60
24 1284
25 26
25 61
25 1285
26 27
26 62
26 1286
27 28
27 63
27 1287
28 29
28 64
28 1288
29 30
29 65
29 1289
30 31
30 66
30 1290
31 32
31 67
31 1291
32 33
32 68
32 1292
33 34
33 69
33 1293
34 35
34 70
34 1294
35 36
35 71
35 1295
36 72
36 1296
37 38
37 72
37 73
38 39
38 74
39 40
39 75
40 41
40 76
41 42
41 77
42 43
42 78
43 44
43 79
44 45
44 80
45 46
45 81
46 47
46 82
47 48
47 83
48 49
48 84
49 50
49 85
50 51
50 86
51 52
51 87
52 53
52 88
53 54
53 89
54 55
54 90
55 56
55 91
56 57
56 92
57 58
57 93
58 59
58 94
59 60
59 95
60 61
60 96
61 62
61 97
62 63
62 98
63 64
63 99
64 65
64 100
65 66
65 101
66 67
66 102
67 68
67 103
68 69
68 104
69 70
69 105
70 71
70 106
71 72
71 107
72 108
73 74
73 109
73 108
74 75
74 110
75 76
75 111
76 77
76 112
77 78
77 113
78 79
78 114
79 80
79 115
80 81
80 116
81 82
81 117
82 83
82 118
83 84
83 119
84 85
84 120
85 86
85 121
86 87
86 122
87 88
87 123
88 89
88 124
89 90
89 125
90 91
90 126
91 92
91 127
92 93
92 128
93 94
93 129
94 95
94 130
95 96
95 131
96 97
96 132
97 98
97 133
98 99
98 134
99 100
99 135
100 101
100 136
101 102
101 137
102 103
102 138
103 104
103 139
104 105
104 140
105 106
105 141
106 107
106 142
107 108
107 143
108 144
109 110
109 144
109 145
110 111
110 146
111 112
111 147
112 113
112 148
113 114
113 149
114 115
114 150
115 116
115 151
116 117
116 152
117 118
117 153
118 119
118 154
119 120
119 155
120 121
120 156
121 122
121 157
122 123
122 158
123 124
123 159
124 125
124 160
125 126
125 161
126 127
126 162
127 128
127 163
128 129
128 164
129 130
129 165
130 131
130 166
131 132
131 167
132 133
132 168
133 134
133 169
134 135
134 170
135 136
135 171
136 137
136 172
137 138
137 173
138 139
138 174
139 140
139 175
140 141
140 176
141 142
141 177
142 143
142 178
143 144
143 179
144 180
145 146
145 180
145 181
146 147
146 182
147 148
147 183
148 149
148 184
149 150
149 185
150 151
150 186
151 152
151 187
152 153
152 188
153 154
153 189
154 155
154 190
155 156
155 191
156 157
156 192
157 158
157 193
158 159
158 194
159 160
159 195
160 161
160 196
161 162
161 197
162 163
162 198
163 164
163 199
164 165
164 200
165 166
165 201
166 167
166 202
167 168
167 203
168 169
168 204
169 170
169 205
170 171
170 206
171 172
171 207
172 173
172 208
173 174
173 209
174 175
174 210
175 176
175 211
176 177
176 212
177 178
177 213
178 179
178 214
179 180
179 215
180 216
181 182
181 217
181 216
182 183
182 218
183 184
183 219
184 185
184 220
185 186
185 221
186 187
186 222
187 188
187 223
188 189
188 224
189 190
189 225
190 191
190 226
191 192
191 227
192 193
192 228
193 194
193 229
194 195
194 230
195 196
195 231
196 197
196 232
197 198
197 233
198 199
198 234
199 200
199 235
200 201
200 236
201 202
201 237
202 203
202 238
203 204
203 239
204 205
204 240
205 206
205 241
206 207
206 242
207 208
207 243
208 209
208 244
209 210
209 245
210 211
210 246
211 212
211 247
212 213
212 248
213 214
213 249
214 215
214 250
215 216
215 251
216 252
217 218
217 253
217 252
218 219
218 254
219 220
219 255
220 221
220 256
221 222
221 257
222 223
222 258
223 224
223 259
224 225
224 260
225 226
225 261
226 227
226 262
227 228
227 263
228 229
228 264
229 230
229 265
230 231
230 266
231 232
231 267
232 233
232 268
233 234
233 269
234 235
234 270
235 236
235 271
236 237
236 272
237 238
237 273
238 239
238 274
239 240
239 275
240 241
240 276
241 242
241 277
242 243
242 278
243 244
243 279
244 245
244 280
245 246
245 281
246 247
246 282
247 248
247 283
248 249
248 284
249 250
249 285
250 251
250 286
251 252
251 287
252 288
253 254
253 288
253 289
254 255
254 290
255 256
255 291
256 257
256 292
257 258
257 293
258 259
258 294
259 260
259 295
260 261
260 296
261 262
261 297
262 263
262 298
263 264
263 299
264 265
264 300
265 266
265 301
266 267
266 302
267 268
267 303
268 269
268 304
269 270
269 305
270 271
270 306
271 272
271 307
272 273
272 308
273 274
273 309
274 275
274 310
275 276
275 311
276 277
276 312
277 278
277 313
278 279
278 314
279 280
279 315
280 281
280 316
281 282
281 317
282 283
282 318
283 284
283 319
284 285
284 320
285 286
285 321
286 287
286 322
287 288
287 323
288 324
289 290
289 325
289 324
290 291
290 326
291 292
291 327
292 293
292 328
293 294
293 329
294 295
294 330
295 296
295 331
296 297
296 332
297 298
297 333
298 299
298 334
299 300
299 335
300 301
300 336
301 302
301 337
302 303
302 338
303 304
303 339
304 305
304 340
305 306
305 341
306 307
306 342
307 308
307 343
308 309
308 344
309 310
309 345
310 311
310 346
311 312
311 347
312 313
312 348
313 314
313 349
314 315
314 350
315 316
315 351
316 317
316 352
317 318
317 353
318 319
318 354
319 320
319 355
320 321
320 356
321 322
321 357
322 323
322 358
323 324
323 359
324 360
325 326
325 360
325 361
326 327
326 362
327 328
327 363
328 329
328 364
329 330
329 365
330 331
330 366
331 332
331 367
332 333
332 368
333 334
333 369
334 335
334 370
335 336
335 371
336 337
336 372
337 338
337 373
338 339
338 374
339 340
339 375
340 341
340 376
341 342
341 377
342 343
342 378
343 344
343 379
344 345
344 380
345 346
345 381
346 347
346 382
347 348
347 383
348 349
348 384
349 350
349 385
350 351
350 386
351 352
351 387
352 353
352 388
353 354
353 389
354 355
354 390
355 356
355 391
356 357
356 392
357 358
357 393
358 359
358 394
359 360
359 395
360 396
361 362
361 396
361 397
362 363
362 398
363 364
363 399
364 365
364 400
365 366
365 401
366 367
366 402
367 368
367 403
368 369
368 404
369 370
369 405
370 371
370 406
371 372
371 407
372 373
372 408
373 374
373 409
374 375
374 410
375 376
375 411
376 377
376 412
377 378
377 413
378 379
378 414
379 380
379 415
380 381
380 416
381 382
381 417
382 383
382 418
383 384
383 419
384 385
384 420
385 386
385 421
386 387
386 422
387 388
387 423
388 389
388 424
389 390
389 425
390 391
390 426
391 392
391 427
392 393
392 428
393 394
393 429
394 395
394 430
395 396
395 431
396 432
397 398
397 433
397 432
398 399
398 434
399 400
399 435
400 401
400 436
401 402
401 437
402 403
402 438
403 404
403 439
404 405
404 440
405 406
405 441
406 407
406 442
407 408
407 443
408 409
408 444
409 410
409 445
410 411
410 446
411 412
411 447
412 413
412 448
413 414
413 449
414 415
414 450
415 416
415 451
416 417
416 452
417 418
417 453
418 419
418 454
419 420
419 455
420 421
420 456
421 422
421 457
422 423
422 458
423 424
423 459
424 425
424 460
425 426
425 461
426 427
426 462
427 428
427 463
428 429
428 464
429 430
429 465
430 431
430 466
431 432
431 467
432 468
433 434
433 469
433 468
434 435
434 470
435 436
435 471
436 437
436 472
437 438
437 473
438 439
438 474
439 440
439 475
440 441
440 476
441 442
441 477
442 443
442 478
443 444
443 479
444 445
444 480
445 446
445 481
446 447
446 482
447 448
447 483
448 449
448 484
449 450
449 485
450 451
450 486
451 452
451 487
452 453
452 488
453 454
453 489
454 455
454 490
455 456
455 491
456 457
456 492
457 458
457 493
458 459
458 494
459 460
459 495
460 461
460 496
461 462
461 497
462 463
462 498
463 464
463 499
464 465
464 500
465 466
465 501
466 467
466 502
467 468
467 503
468 504
469 470
469 505
469 504
470 471
470 506
471 472
471 507
472 473
472 508
473 474
473 509
474 475
474 510
475 476
475 511
476 477
476 512
477 478
477 513
478 479
478 514
479 480
479 515
480 481
480 516
481 482
481 517
482 483
482 518
483 484
483 519
484 485
484 520
485 486
485 521
486 487
486 522
487 488
487 523
488 489
488 524
489 490
489 525
490 491
490 526
491 492
491 527
492 493
492 528
493 494
493 529
494 495
494 530
495 496
495 531
496 497
496 532
497 498
497 533
498 499
498 534
499 500
499 535
500 501
500 536
501 502
501 537
502 503
502 538
503 504
503 539
504 540
505 506
505 541
505 540
506 507
506 542
507 508
507 543
508 509
508 544
509 510
509 545
510 511
510 546
511 512
511 547
512 548
512 513
513 549
513 514
514 550
514 515
515 551
515 516
516 552
516 517
517 553
517 518
518 554
518 519
519 555
519 520
520 556
520 521
521 557
521 522
522 558
522 523
523 559
523 524
524 560
524 525
525 561
525 526
526 562
526 527
527 563
527 528
528 564
528 529
529 565
529 530
530 566
530 531
531 567
531 532
532 568
532 533
533 569
533 534
534 570
534 535
535 571
535 536
536 572
536 537
537 573
537 538
538 574
538 539
539 575
539 540
540 576
541 576
541 542
541 577
542 543
542 578
543 544
543 579
544 545
544 580
545 546
545 581
546 547
546 582
547 548
547 583
548 549
548 584
549 550
549 585
550 551
550 586
551 552
551 587
552 553
552 588
553 554
553 589
554 555
554 590
555 556
555 591
556 557
556 592
557 558
557 593
558 559
558 594
559 560
559 595
560 561
560 596
561 562
561 597
562 563
562 598
563 564
563 599
564 565
564 600
565 566
565 601
566 567
566 602
567 568
567 603
568 569
568 604
569 570
569 605
570 571
570 606
571 572
571 607
572 573
572 608
573 574
573 609
574 575
574 610
575 576
575 611
576 612
577 612
577 613
577 578
578 614
578 579
579 615
579 580
580 616
580 581
581 617
581 582
582 618
582 583
583 619
583 584
584 620
584 585
585 621
585 586
586 622
586 587
587 623
587 588
588 624
588 589
589 625
589 590
590 626
590 591
591 627
591 592
592 628
592 593
593 629
593 594
594 630
594 595
595 631
595 596
596 632
596 597
597 633
597 598
598 634
598 599
599 635
599 600
600 636
600 601
601 637
601 602
602 638
602 603
603 639
603 604
604 640
604 605
605 606
605 641
606 607
606 642
607 608
607 643
608 609
608 644
609 610
609 645
610 611
610 646
611 612
611 647
612 648
613 614
613 649
613 648
614 615
614 650
615 616
615 651
616 617
616 652
617 618
617 653
618 619
618 654
619 620
619 655
620 621
620 656
621 622
621 657
622 623
622 658
623 624
623 659
624 625
624 660
625 626
625 661
626 627
626 662
627 628
627 663
628 629
628 664
629 630
629 665
630 631
630 666
631 632
631 667
632 633
632 668
633 634
633 669
634 635
634 670
635 636
635 671
636 637
636 672
637 638
637 673
638 639
638 674
639 640
639 675
640 676
640 641
641 677
641 642
642 678
642 643
643 679
643 644
644 680
644 645
645 681
645 646
646 682
646 647
647 683
647 648
648 684
649 685
649 684
649 650
650 686
650 651
651 687
651 652
652 688
652 653
653 689
653 654
654 690
654 655
655 691
655 656
656 692
656 657
657 693
657 658
658 694
658 659
659 695
659 660
660 696
660 661
661 697
661 662
662 698
662 663
663 699
663 664
664 700
664 665
665 701
665 666
666 702
666 667
667 703
667 668
668 704
668 669
669 670
669 705
670 671
670 706
671 672
671 707
672 673
672 708
673 674
673 709
674 675
674 710
675 676
675 711
676 677
676 712
677 678
677 713
678 679
678 714
679 680
679 715
680 681
680 716
681 682
681 717
682 683
682 718
683 684
683 719
684 720
685 686
685 720
685 721
686 687
686 722
687 688
687 723
688 689
688 724
689 690
689 725
690 691
690 726
691 692
691 727
692 693
692 728
693 694
693 729
694 695
694 730
695 696
695 731
696 697
696 732
697 698
697 733
698 699
698 734
699 700
699 735
700 701
700 736
701 702
701 737
702 703
702 738
703 704
703 739
704 740
704 705
705 741
705 706
706 742
706 707
707 743
707 708
708 744
708 709
709 745
709 710
710 746
710 711
711 747
711 712
712 748
712 713
713 749
713 714
714 750
714 715
715 751
715 716
716 752
716 717
717 753
717 718
718 754
718 719
719 755
719 720
720 756
721 756
721 757
721 722
722 758
722 723
723 759
723 724
724 760
724 725
725 761
725 726
726 762
726 727
727 763
727 728
728 764
728 729
729 765
729 730
730 766
730 731
731 767
731 732
732 768
732 733
733 734
733 769
734 735
734 770
735 736
735 771
736 737
736 772
737 738
737 773
738 739
738 774
739 740
739 775
740 741
740 776
741 742
741 777
742 743
742 778
743 744
743 779
744 745
744 780
745 746
745 781
746 747
746 782
747 748
747 783
748 749
748 784
749 750
749 785
750 751
750 786
751 752
751 787
752 753
752 788
753 754
753 789
754 755
754 790
755 756
755 791
756 792
757 758
757 792
757 793
758 759
758 794
759 760
759 795
760 761
760 796
761 762
761 797
762 763
762 798
763 764
763 799
764 765
764 800
765 766
765 801
766 767
766 802
767 768
767 803
768 804
768 769
769 805
769 770
770 806
770 771
771 807
771 772
772 808
772 773
773 809
773 774
774 810
774 775
775 811
775 776
776 812
776 777
777 813
777 778
778 814
778 779
779 815
779 780
780 816
780 781
781 817
781 782
782 818
782 783
783 819
783 784
784 820
784 785
785 821
785 786
786 822
786 787
787 823
787 788
788 824
788 789
789 825
789 790
790 826
790 791
791 827
791 792
792 828
793 829
793 828
793 794
794 830
794 795
795 831
795 796
796 832
796 797
797 798
797 833
798 799
798 834
799 800
799 835
800 801
800 836
801 802
801 837
802 803
802 838
803 804
803 839
804 805
804 840
805 806
805 841
806 807
806 842
807 808
807 843
808 809
808 844
809 810
809 845
810 811
810 846
811 812
811 847
812 813
812 848
813 814
813 849
814 815
814 850
815 816
815 851
816 817
816 852
817 818
817 853
818 819
818 854
819 820
819 855
820 821
820 856
821 822
821 857
822 823
822 858
823 824
823 859
824 825
824 860
825 826
825 861
826 827
826 862
827 828
827 863
828 864
829 830
829 865
829 864
830 831
830 866
831 832
831 867
832 868
832 833
833 869
833 834
834 870
834 835
835 871
835 836
836 872
836 837
837 873
837 838
838 874
838 839
839 875
839 840
840 876
840 841
841 877
841 842
842 878
842 843
843 879
843 844
844 880
844 845
845 881
845 846
846 882
846 847
847 883
847 848
848 884
848 849
849 885
849 850
850 886
850 851
851 887
851 852
852 888
852 853
853 889
853 854
854 890
854 855
855 891
855 856
856 892
856 857
857 893
857 858
858 894
858 859
859 895
859 860
860 896
860 861
861 862
861 897
862 863
862 898
863 864
863 899
864 900
865 866
865 901
865 900
866 867
866 902
867 868
867 903
868 869
868 904
869 870
869 905
870 871
870 906
871 872
871 907
872 873
872 908
873 874
873 909
874 875
874 910
875 876
875 911
876 877
876 912
877 878
877 913
878 879
878 914
879 880
879 915
880 881
880 916
881 882
881 917
882 883
882 918
883 884
883 919
884 885
884 920
885 886
885 921
886 887
886 922
887 888
887 923
888 889
888 924
889 890
889 925
890 891
890 926
891 892
891 927
892 893
892 928
893 894
893 929
894 895
894 930
895 896
895 931
896 932
896 897
897 933
897 898
898 934
898 899
899 935
899 900
900 936
901 937
901 936
901 902
902 938
902 903
903 939
903 904
904 940
904 905
905 941
905 906
906 942
906 907
907 943
907 908
908 944
908 909
909 945
909 910
910 946
910 911
911 947
911 912
912 948
912 913
913 949
913 914
914 950
914 915
915 951
915 916
916 952
916 917
917 953
917 918
918 954
918 919
919 955
919 920
920 956
920 921
921 957
921 922
922 958
922 923
923 959
923 924
924 960
924 925
925 926
925 961
926 927
926 962
927 928
927 963
928 929
928 964
929 930
929 965
930 931
930 966
931 932
931 967
932 933
932 968
933 934
933 969
934 935
934 970
935 936
935 971
936 972
937 938
937 972
937 973
938 939
938 974
939 940
939 975
940 941
940 976
941 942
941 977
942 943
942 978
943 944
943 979
944 945
944 980
945 946
945 981
946 947
946 982
947 948
947 983
948 949
948 984
949 950
949 985
950 951
950 986
951 952
951 987
952 953
952 988
953 954
953 989
954 955
954 990
955 956
955 991
956 957
956 992
957 958
957 993
958 959
958 994
959 960
959 995
960 996
960 961
961 997
961 962
962 998
962 963
963 999
963 964
964 1000
964 965
965 1001
965 966
966 1002
966 967
967 1003
967 968
968 1004
968 969
969 1005
969 970
970 1006
970 971
971 1007
971 972
972 1008
973 1009
973 1008
973 974
974 1010
974 975
975 1011
975 976
976 1012
976 977
977 1013
977 978
978 1014
978 979
979 1015
979 980
980 1016
980 981
981 1017
981 982
982 1018
982 983
983 1019
983 984
984 1020
984 985
985 1021
985 986
986 1022
986 987
987 1023
987 988
988 1024
988 989
989 990
989 1025
990 991
990 1026
991 992
991 1027
992 993
992 1028
993 994
993 1029
994 995
994 1030
995 996
995 1031
996 997
996 1032
997 998
997 1033
998 999
998 1034
999 1000
999 1035
1000 1001
1000 1036
1001 1002
1001 1037
1002 1003
1002 1038
1003 1004
1003 1039
1004 1005
1004 1040
1005 1006
1005 1041
1006 1007
1006 1042
1007 1008
1007 1043
1008 1044
1009 1010
1009 1044
1009 1045
1010 1011
1010 1046
1011 1012
1011 1047
1012 1013
1012 1048
1013 1014
1013 1049
1014 1015
1014 1050
1015 1016
1015 1051
1016 1017
1016 1052
1017 1018
1017 1053
1018 1019
1018 1054
1019 1020
1019 1055
1020 1021
1020 1056
1021 1022
1021 1057
1022 1023
1022 1058
1023 1024
1023 1059
1024 1025
1024 1060
1025 1026
1025 1061
1026 1027
1026 1062
1027 1028
1027 1063
1028 1029
1028 1064
1029 1030
1029 1065
1030 1031
1030 1066
1031 1032
1031 1067
1032 1033
1032 1068
1033 1034
1033 1069
1034 1035
1034 1070
1035 1036
1035 1071
1036 1037
1036 1072
1037 1038
1037 1073
1038 1039
1038 1074
1039 1040
1039 1075
1040 1041
1040 1076
1041 1042
1041 1077
1042 1043
1042 1078
1043 1044
1043 1079
1044 1080
1045 1046
1045 1081
1045 1080
1046 1047
1046 1082
1047 1048
1047 1083
1048 1049
1048 1084
1049 1050
1049 1085
1050 1051
1050 1086
1051 1052
1051 1087
1052 1053
1052 1088
1053 1089
1053 1054
1054 1090
1054 1055
1055 1091
1055 1056
1056 1092
1056 1057
1057 1093
1057 1058
1058 1094
1058 1059
1059 1095
1059 1060
1060 1096
1060 1061
1061 1097
1061 1062
1062 1098
1062 1063
1063 1099
1063 1064
1064 1100
1064 1065
1065 1101
1065 1066
1066 1102
1066 1067
1067 1103
1067 1068
1068 1104
1068 1069
1069 1105
1069 1070
1070 1106
1070 1071
1071 1107
1071 1072
1072 1108
1072 1073
1073 1109
1073 1074
1074 1110
1074 1075
1075 1111
1075 1076
1076 1112
1076 1077
1077 1113
1077 1078
1078 1114
1078 1079
1079 1115
1079 1080
1080 1116
1081 1117
1081 1116
1081 1082
1082 1118
1082 1083
1083 1119
1083 1084
1084 1120
1084 1085
1085 1121
1085 1086
1086 1122
1086 1087
1087 1123
1087 1088
1088 1089
1088 1124
1089 1090
1089 1125
1090 1091
1090 1126
1091 1092
1091 1127
1092 1093
1092 1128
1093 1094
1093 1129
1094 1095
1094 1130
1095 1096
1095 1131
1096 1097
1096 1132
1097 1098
1097 1133
1098 1099
1098 1134
1099 1100
1099 1135
1100 1101
1100 1136
1101 1102
1101 1137
1102 1103
1102 1138
1103 1104
1103 1139
1104 1105
1104 1140
1105 1106
1105 1141
1106 1107
1106 1142
1107 1108
1107 1143
1108 1109
1108 1144
1109 1110
1109 1145
1110 1111
1110 1146
1111 1112
1111 1147
1112 1113
1112 1148
1113 1114
1113 1149
1114 1115
1114 1150
1115 1116
1115 1151
1116 1152
1117 1118
1117 1152
1117 1153
1118 1119
1118 1154
1119 1120
1119 1155
1120 1121
1120 1156
1121 1122
1121 1157
1122 1123
1122 1158
1123 1124
1123 1159
1124 1125
1124 1160
1125 1126
1125 1161
1126 1127
1126 1162
1127 1128
1127 1163
1128 1129
1128 1164
1129 1130
1129 1165
1130 1131
1130 1166
1131 1132
1131 1167
1132 1133
1132 1168
1133 1134
1133 1169
1134 1135
1134 1170
1135 1136
1135 1171
1136 1137
1136 1172
1137 1138
1137 1173
1138 1139
1138 1174
1139 1140
1139 1175
1140 1141
1140 1176
1141 1142
1141 1177
1142 1143
1142 1178
1143 1144
1143 1179
1144 1145
1144 1180
1145 1146
1145 1181
1146 1147
1146 1182
1147 1148
1147 1183
1148 1149
1148 1184
1149 1150
1149 1185
1150 1151
1150 1186
1151 1152
1151 1187
1152 1188
1153 1154
1153 1188
1153 1189
1154 1155
1154 1190
1155 1156
1155 1191
1156 1157
1156 1192
1157 1158
1157 1193
1158 1159
1158 1194
1159 1160
1159 1195
1160 1161
1160 1196
1161 1162
1161 1197
1162 1163
1162 1198
1163 1164
1163 1199
1164 1165
1164 1200
1165 1166
1165 1201
1166 1167
1166 1202
1167 1168
1167 1203
1168 1169
1168 1204
1169 1170
1169 1205
1170 1171
1170 1206
1171 1172
1171 1207
1172 1173
1172 1208
1173 1174
1173 1209
1174 1175
1174 1210
1175 1176
1175 1211
1176 1177
1176 1212
1177 1178
1177 1213
1178 1179
1178 1214
1179 1180
1179 1215
1180 1181
1180 1216
1181 1217
1181 1182
1182 1218
1182 1183
1183 1219
1183 1184
1184 1220
1184 1185
1185 1221
1185 1186
1186 1222
1186 1187
1187 1223
1187 1188
1188 1224
1189 1224
1189 1225
1189 1190
1190 1226
1190 1191
1191 1227
1191 1192
1192 1228
1192 1193
1193 1229
1193 1194
1194 1230
1194 1195
1195 1231
1195 1196
1196 1232
1196 1197
1197 1233
1197 1198
1198 1234
1198 1199
1199 1235
1199 1200
1200 1236
1200 1201
1201 1237
1201 1202
1202 1238
1202 1203
1203 1239
1203 1204
1204 1240
1204 1205
1205 1241
1205 1206
1206 1242
1206 1207
1207 1243
1207 1208
1208 1244
1208 1209
1209 1245
1209 1210
1210 1246
1210 1211
1211 1247
1211 1212
1212 1248
1212 1213
1213 1249
1213 1214
1214 1250
1214 1215
1215 1251
1215 1216
1216 1217
1216 1252
1217 1218
1217 1253
1218 1219
1218 1254
1219 1220
1219 1255
1220 1221
1220 1256
1221 1222
1221 1257
1222 1223
1222 1258
1223 1224
1223 1259
1224 1260
1225 1226
1225 1261
1225 1260
1226 1227
1226 1262
1227 1228
1227 1263
1228 1229
1228 1264
1229 1230
1229 1265
1230 1231
1230 1266
1231 1232
1231 1267
1232 1233
1232 1268
1233 1234
1233 1269
1234 1235
1234 1270
1235 1236
1235 1271
1236 1237
1236 1272
1237 1238
1237 1273
1238 1239
1238 1274
1239 1240
1239 1275
1240 1241
1240 1276
1241 1242
1241 1277
1242 1243
1242 1278
1243 1244
1243 1279
1244 1245
1244 1280
1245 1246
1245 1281
1246 1247
1246 1282
1247 1248
1247 1283
1248 1249
1248 1284
1249 1250
1249 1285
1250 1251
1250 1286
1251 1252
1251 1287
1252 1253
1252 1288
1253 1254
1253 1289
1254 1255
1254 1290
1255 1256
1255 1291
1256 1257
1256 1292
1257 1258
1257 1293
1258 1259
1258 1294
1259 1260
1259 1295
1260 1296
1261 1262
1261 1296
1262 1263
1263 1264
1264 1265
1265 1266
1266 1267
1267 1268
1268 1269
1269 1270
1270 1271
1271 1272
1272 1273
1273 1274
1274 1275
1275 1276
1276 1277
1277 1278
1278 1279
1279 1280
1280 1281
1281 1282
1282 1283
1283 1284
1284 1285
1285 1286
1286 1287
1287 1288
1288 1289
1289 1290
1290 1291
1291 1292
1292 1293
1293 1294
1294 1295
1295 1296
