
729 729 1458
1 2
1 28
1 27
1 703
2 3
2 29
2 704
3 4
3 30
3 705
4 5
4 31
4 706
5 6
5 32
5 707
6 7
6 33
6 708
7 8
7 34
7 709
8 9
8 35
8 710
9 10
9 36
9 711
10 11
10 37
10 712
11 12
11 38
11 713
12 13
12 39
12 714
13 14
13 40
13 715
14 15
14 41
14 716
15 16
15 42
15 717
16 17
16 43
16 718
17 18
17 44
17 719
18 19
18 45
18 720
19 20
19 46
19 721
20 21
20 47
20 722
21 22
21 48
21 723
22 23
22 49
22 724
23 24
23 50
23 725
24 25
24 51
24 726
25 26
25 52
25 727
26 27
26 53
26 728
27 54
27 729
28 29
28 55
28 54
29 30
29 56
30 31
30 57
31 32
31 58
32 33
32 59
33 34
33 60
34 35
34 61
35 36
35 62
36 37
36 63
37 38
37 64
38 39
38 65
39 40
39 66
40 41
40 67
41 42
41 68
42 43
42 69
43 44
43 70
44 45
44 71
45 46
45 72
46 47
46 73
47 48
47 74
48 49
48 75
49 50
49 76
50 51
50 77
51 52
51 78
52 53
52 79
53 54
53 80
54 81
55 56
55 82
55 81
56 57
56 83
57 58
57 84
58 59
58 85
59 60
59 86
60 61
60 87
61 62
61 88
62 63
62 89
63 64
63 90
64 65
64 91
65 66
65 92
66 67
66 93
67 68
67 94
68 69
68 95
69 70
69 96
70 71
70 97
71 72
71 98
72 73
72 99
73 74
73 100
74 75
74 101
75 76
75 102
76 77
76 103
77 78
77 104
78 79
78 105
79 80
79 106
80 81
80 107
81 108
82 83
82 109
82 108
83 84
83 110
84 85
84 111
85 86
85 112
86 87
86 113
87 88
87 114
88 89
88 115
89 90
89 116
90 91
90 117
91 92
91 118
92 93
92 119
93 94
93 120
94 95
94 121
95 96
95 122
96 97
96 123
97 98
97 124
98 99
98 125
99 100
99 126
100 101
100 127
101 102
101 128
102 103
102 129
103 104
103 130
104 105
104 131
105 106
105 132
106 107
106 133
107 108
107 134
108 135
109 110
109 136
109 135
110 111
110 137
111 112
111 138
112 113
112 139
113 114
113 140
114 115
114 141
115 116
115 142
116 117
116 143
117 118
117 144
118 119
118 145
119 120
119 146
120 121
120 147
121 122
121 148
122 123
122 149
123 124
123 150
124 125
124 151
125 126
125 152
126 127
126 153
127 128
127 154
128 129
128 155
129 130
129 156
130 131
130 157
131 132
131 158
132 133
132 159
133 134
133 160
134 135
134 161
135 162
136 137
136 163
136 162
137 138
137 164
138 139
138 165
139 140
139 166
140 141
140 167
141 142
141 168
142 143
142 169
143 144
143 170
144 145
144 171
145 146
145 172
146 147
146 173
147 148
147 174
148 149
148 175
149 150
149 176
150 151
150 177
151 152
151 178
152 153
152 179
153 154
153 180
154 155
154 181
155 156
155 182
156 157
156 183
157 158
157 184
158 159
158 185
159 160
159 186
160 161
160 187
161 162
161 188
162 189
163 164
163 189
163 190
164 165
164 191
165 166
165 192
166 167
166 193
167 168
167 194
168 169
168 195
169 170
169 196
170 171
170 197
171 172
171 198
172 173
172 199
173 174
173 200
174 175
174 201
175 176
175 202
176 177
176 203
177 178
177 204
178 179
178 205
179 180
179 206
180 181
180 207
181 182
181 208
182 183
182 209
183 184
183 210
184 185
184 211
185 186
185 212
186 187
186 213
187 188
187 214
188 189
188 215
189 216
190 191
190 217
190 216
191 192
191 218
192 193
192 219
193 194
193 220
194 195
194 221
195 196
195 222
196 197
196 223
197 198
197 224
198 199
198 225
199 200
199 226
200 201
200 227
201 202
201 228
202 203
202 229
203 204
203 230
204 205
204 231
205 206
205 232
206 207
206 233
207 208
207 234
208 209
208 235
209 210
209 236
210 211
210 237
211 212
211 238
212 213
212 239
213 214
213 240
214 215
214 241
215 216
215 242
216 243
217 218
217 243
217 244
218 219
218 245
219 220
219 246
220 221
220 247
221 222
221 248
222 223
222 249
223 224
223 250
224 225
224 251
225 226
225 252
226 227
226 253
227 228
227 254
228 229
228 255
229 230
229 256
230 231
230 257
231 232
231 258
232 233
232 259
233 234
233 260
234 235
234 261
235 236
235 262
236 237
236 263
237 238
237 264
238 239
238 265
239 240
239 266
240 241
240 267
241 242
241 268
242 243
242 269
243 270
244 245
244 271
244 270
245 246
245 272
246 247
246 273
247 248
247 274
248 249
248 275
249 250
249 276
250 251
250 277
251 252
251 278
252 253
252 279
253 254
253 280
254 255
254 281
255 256
255 282
256 283
256 257
257 284
257 258
258 285
258 259
259 286
259 260
260 287
260 261
261 288
261 262
262 263
262 289
263 264
263 290
264 265
264 291
265 266
265 292
266 267
266 293
267 268
267 294
268 269
268 295
269 270
269 296
270 297
271 272
271 297
271 298
272 273
272 299
273 274
273 300
274 275
274 301
275 276
275 302
276 277
276 303
277 278
277 304
278 279
278 305
279 280
279 306
280 281
280 307
281 282
281 308
282 283
282 309
283 284
283 310
284 285
284 311
285 286
285 312
286 287
286 313
287 288
287 314
288 315
288 289
289 316
289 290
290 317
290 291
291 318
291 292
292 319
292 293
293 320
293 294
294 295
294 321
295 296
295 322
296 297
296 323
297 324
298 299
298 325
298 324
299 300
299 326
300 301
300 327
301 302
301 328
302 303
302 329
303 304
303 330
304 305
304 331
305 306
305 332
306 307
306 333
307 308
307 334
308 309
308 335
309 310
309 336
310 311
310 337
311 312
311 338
312 313
312 339
313 314
313 340
314 315
314 341
315 316
315 342
316 317
316 343
317 318
317 344
318 319
318 345
319 320
319 346
320 347
320 321
321 348
321 322
322 349
322 323
323 350
323 324
324 351
325 352
325 351
325 326
326 327
326 353
327 328
327 354
328 329
328 355
329 330
329 356
330 331
330 357
331 332
331 358
332 333
332 359
333 334
333 360
334 335
334 361
335 336
335 362
336 337
336 363
337 338
337 364
338 339
338 365
339 340
339 366
340 341
340 367
341 342
341 368
342 343
342 369
343 344
343 370
344 345
344 371
345 346
345 372
346 347
346 373
347 348
347 374
348 349
348 375
349 350
349 376
350 351
350 377
351 378
352 378
352 379
352 353
353 380
353 354
354 381
354 355
355 382
355 356
356 383
356 357
357 384
357 358
358 359
358 385
359 360
359 386
360 361
360 387
361 362
361 388
362 363
362 389
363 364
363 390
364 365
364 391
365 366
365 392
366 367
366 393
367 368
367 394
368 369
368 395
369 370
369 396
370 371
370 397
371 372
371 398
372 373
372 399
373 374
373 400
374 375
374 401
375 376
375 402
376 377
376 403
377 378
377 404
378 405
379 380
379 405
379 406
380 381
380 407
381 382
381 408
382 383
382 409
383 384
383 410
384 411
384 385
385 412
385 386
386 413
386 387
387 414
387 388
388 415
388 389
389 416
389 390
390 391
390 417
391 392
391 418
392 393
392 419
393 394
393 420
394 395
394 421
395 396
395 422
396 397
396 423
397 398
397 424
398 399
398 425
399 400
399 426
400 401
400 427
401 402
401 428
402 403
402 429
403 404
403 430
404 405
404 431
405 432
406 407
406 433
406 432
407 408
407 434
408 409
408 435
409 410
409 436
410 411
410 437
411 412
411 438
412 413
412 439
413 414
413 440
414 415
414 441
415 416
415 442
416 443
416 417
417 444
417 418
418 445
418 419
419 446
419 420
420 447
420 421
421 448
421 422
422 423
422 449
423 424
423 450
424 425
424 451
425 426
425 452
426 427
426 453
427 428
427 454
428 429
428 455
429 430
429 456
430 431
430 457
431 432
431 458
432 459
433 434
433 460
433 459
434 435
434 461
435 436
435 462
436 437
436 463
437 438
437 464
438 439
438 465
439 440
439 466
440 441
440 467
441 442
441 468
442 443
442 469
443 444
443 470
444 445
444 471
445 446
445 472
446 447
446 473
447 448
447 474
448 475
448 449
449 476
449 450
450 477
450 451
451 478
451 452
452 479
452 453
453 480
453 454
454 455
454 481
455 456
455 482
456 457
456 483
457 458
457 484
458 459
458 485
459 486
460 461
460 486
460 487
461 462
461 488
462 463
462 489
463 464
463 490
464 465
464 491
465 466
465 492
466 467
466 493
467 468
467 494
468 469
468 495
469 470
469 496
470 471
470 497
471 472
471 498
472 473
472 499
473 474
473 500
474 475
474 501
475 476
475 502
476 477
476 503
477 478
477 504
478 479
478 505
479 480
479 506
480 507
480 481
481 508
481 482
482 509
482 483
483 510
483 484
484 511
484 485
485 512
485 486
486 513
487 488
487 513
487 514
488 489
488 515
489 490
489 516
490 491
490 517
491 492
491 518
492 493
492 519
493 494
493 520
494 495
494 521
495 496
495 522
496 497
496 523
497 498
497 524
498 499
498 525
499 500
499 526
500 501
500 527
501 502
501 528
502 503
502 529
503 504
503 530
504 505
504 531
505 506
505 532
506 507
506 533
507 508
507 534
508 509
508 535
509 510
509 536
510 511
510 537
511 512
511 538
512 513
512 539
513 540
514 515
514 541
514 540
515 516
515 542
516 517
516 543
517 518
517 544
518 545
518 519
519 546
519 520
520 547
520 521
521 548
521 522
522 549
522 523
523 550
523 524
524 551
524 525
525 552
525 526
526 553
526 527
527 554
527 528
528 555
528 529
529 556
529 530
530 557
530 531
531 558
531 532
532 559
532 533
533 560
533 534
534 561
534 535
535 562
535 536
536 563
536 537
537 564
537 538
538 565
538 539
539 566
539 540
540 567
541 568
541 567
541 542
542 569
542 543
543 570
543 544
544 545
544 571
545 546
545 572
546 547
546 573
547 548
547 574
548 549
548 575
549 550
549 576
550 551
550 577
551 552
551 578
552 553
552 579
553 554
553 580
554 555
554 581
555 556
555 582
556 557
556 583
557 558
557 584
558 559
558 585
559 560
559 586
560 561
560 587
561 562
561 588
562 563
562 589
563 564
563 590
564 565
564 591
565 566
565 592
566 567
566 593
567 594
568 569
568 594
568 595
569 570
569 596
570 571
570 597
571 572
571 598
572 573
572 599
573 574
573 600
574 575
574 601
575 576
575 602
576 577
576 603
577 578
577 604
578 579
578 605
579 580
579 606
580 581
580 607
581 582
581 608
582 609
582 583
583 610
583 584
584 611
584 585
585 612
585 586
586 613
586 587
587 614
587 588
588 615
588 589
589 616
589 590
590 617
590 591
591 618
591 592
592 619
592 593
593 620
593 594
594 621
595 621
595 622
595 596
596 623
596 597
597 624
597 598
598 625
598 599
599 626
599 600
600 627
600 601
601 628
601 602
602 629
602 603
603 630
603 604
604 631
604 605
605 632
605 606
606 633
606 607
607 634
607 608
608 609
608 635
609 610
609 636
610 611
610 637
611 612
611 638
612 613
612 639
613 614
613 640
614 615
614 641
615 616
615 642
616 617
616 643
617 618
617 644
618 619
618 645
619 620
619 646
620 621
620 647
621 648
622 623
622 649
622 648
623 624
623 650
624 625
624 651
625 626
625 652
626 627
626 653
627 628
627 654
628 629
628 655
629 630
629 656
630 631
630 657
631 632
631 658
632 633
632 659
633 634
633 660
634 635
634 661
635 636
635 662
636 637
636 663
637 638
637 664
638 639
638 665
639 640
639 666
640 641
640 667
641 642
641 668
642 643
642 669
643 644
643 670
644 645
644 671
645 646
645 672
646 673
646 647
647 674
647 648
648 675
649 676
649 675
649 650
650 677
650 651
651 678
651 652
652 679
652 653
653 680
653 654
654 681
654 655
655 682
655 656
656 683
656 657
657 684
657 658
658 685
658 659
659 686
659 660
660 687
660 661
661 688
661 662
662 689
662 663
663 690
663 664
664 691
664 665
665 692
665 666
666 693
666 667
667 694
667 668
668 695
668 669
669 696
669 670
670 697
670 671
671 698
671 672
672 673
672 699
673 674
673 700
674 675
674 701
675 702
676 677
676 703
676 702
677 678
677 704
678 679
678 705
679 680
679 706
680 681
680 707
681 682
681 708
682 683
682 709
683 684
683 710
684 685
684 711
685 686
685 712
686 687
686 713
687 688
687 714
688 689
688 715
689 690
689 716
690 691
690 717
691 692
691 718
692 693
692 719
693 694
693 720
694 695
694 721
695 696
695 722
696 697
696 723
697 698
697 724
698 699
698 725
699 700
699 726
700 701
700 727
701 702
701 728
702 729
703 704
703 729
704 705
705 706
706 707
707 708
708 709
709 710
710 711
711 712
712 713
713 714
714 715
715 716
716 717
717 718
718 719
719 720
720 721
721 722
722 723
723 724
724 725
725 726
726 727
727 728
728 729
