
784 784 1568
1 2
1 28
1 29
1 757
2 3
2 30
2 758
3 4
3 31
3 759
4 5
4 32
4 760
5 6
5 33
5 761
6 7
6 34
6 762
7 8
7 35
7 763
8 9
8 36
8 764
9 10
9 37
9 765
10 11
10 38
10 766
11 12
11 39
11 767
12 13
12 40
12 768
13 14
13 41
13 769
14 15
14 42
14 770
15 16
15 43
15 771
16 17
16 44
16 772
17 18
17 45
17 773
18 19
18 46
18 774
19 20
19 47
19 775
20 21
20 48
20 776
21 22
21 49
21 777
22 23
22 50
22 778
23 24
23 51
23 779
24 25
24 52
24 780
25 26
25 53
25 781
26 27
26 54
26 782
27 28
27 55
27 783
28 56
28 784
29 30
29 56
29 57
30 31
30 58
31 32
31 59
32 33
32 60
33 34
33 61
34 35
34 62
35 36
35 63
36 37
36 64
37 38
37 65
38 39
38 66
39 40
39 67
40 41
40 68
41 42
41 69
42 43
42 70
43 44
43 71
44 45
44 72
45 46
45 73
46 47
46 74
47 48
47 75
48 49
48 76
49 50
49 77
50 51
50 78
51 52
51 79
52 53
52 80
53 54
53 81
54 55
54 82
55 56
55 83
56 84
57 58
57 85
57 84
58 59
58 86
59 60
59 87
60 61
60 88
61 62
61 89
62 63
62 90
63 64
63 91
64 65
64 92
65 66
65 93
66 67
66 94
67 68
67 95
68 69
68 96
69 70
69 97
70 71
70 98
71 72
71 99
72 73
72 100
73 74
73 101
74 75
74 102
75 76
75 103
76 77
76 104
77 78
77 105
78 79
78 106
79 80
79 107
80 81
80 108
81 82
81 109
82 83
82 110
83 84
83 111
84 112
85 86
85 112
85 113
86 87
86 114
87 88
87 115
88 89
88 116
89 90
89 117
90 91
90 118
91 92
91 119
92 93
92 120
93 94
93 121
94 95
94 122
95 96
95 123
96 97
96 124
97 98
97 125
98 99
98 126
99 100
99 127
100 101
100 128
101 102
101 129
102 103
102 130
103 104
103 131
104 105
104 132
105 106
105 133
106 107
106 134
107 108
107 135
108 109
108 136
109 110
109 137
110 111
110 138
111 112
111 139
112 140
113 114
113 140
113 141
114 115
114 142
115 116
115 143
116 117
116 144
117 118
117 145
118 119
118 146
119 120
119 147
120 121
120 148
121 122
121 149
122 123
122 150
123 124
123 151
124 125
124 152
125 126
125 153
126 127
126 154
127 128
127 155
128 129
128 156
129 130
129 157
130 131
130 158
131 132
131 159
132 133
132 160
133 134
133 161
134 135
134 162
135 136
135 163
136 137
136 164
137 138
137 165
138 139
138 166
139 140
139 167
140 168
141 142
141 169
141 168
142 143
142 170
143 144
143 171
144 145
144 172
145 146
145 173
146 147
146 174
147 148
147 175
148 149
148 176
149 150
149 177
150 151
150 178
151 152
151 179
152 153
152 180
153 154
153 181
154 155
154 182
155 156
155 183
156 157
156 184
157 158
157 185
158 159
158 186
159 160
159 187
160 161
160 188
161 162
161 189
162 163
162 190
163 164
163 191
164 165
164 192
165 166
165 193
166 167
166 194
167 168
167 195
168 196
169 170
169 197
169 196
170 171
170 198
171 172
171 199
172 173
172 200
173 174
173 201
174 175
174 202
175 176
175 203
176 177
176 204
177 178
177 205
178 179
178 206
179 180
179 207
180 181
180 208
181 182
181 209
182 183
182 210
183 184
183 211
184 185
184 212
185 186
185 213
186 187
186 214
187 188
187 215
188 189
188 216
189 190
189 217
190 191
190 218
191 192
191 219
192 193
192 220
193 194
193 221
194 195
194 222
195 196
195 223
196 224
197 198
197 224
197 225
198 199
198 226
199 200
199 227
200 201
200 228
201 202
201 229
202 203
202 230
203 204
203 231
204 205
204 232
205 206
205 233
206 207
206 234
207 208
207 235
208 209
208 236
209 210
209 237
210 211
210 238
211 212
211 239
212 213
212 240
213 214
213 241
214 215
214 242
215 216
215 243
216 217
216 244
217 218
217 245
218 219
218 246
219 220
219 247
220 221
220 248
221 222
221 249
222 223
222 250
223 224
223 251
224 252
225 226
225 253
225 252
226 227
226 254
227 228
227 255
228 229
228 256
229 230
229 257
230 231
230 258
231 232
231 259
232 233
232 260
233 234
233 261
234 235
234 262
235 236
235 263
236 237
236 264
237 238
237 265
238 239
238 266
239 240
239 267
240 241
240 268
241 242
241 269
242 243
242 270
243 244
243 271
244 245
244 272
245 246
245 273
246 247
246 274
247 248
247 275
248 249
248 276
249 250
249 277
250 251
250 278
251 252
251 279
252 280
253 254
253 280
253 281
254 255
254 282
255 256
255 283
256 284
256 257
257 285
257 258
258 286
258 259
259 287
259 260
260 288
260 261
261 262
261 289
262 263
262 290
263 264
263 291
264 265
264 292
265 266
265 293
266 267
266 294
267 268
267 295
268 269
268 296
269 270
269 297
270 271
270 298
271 272
271 299
272 273
272 300
273 274
273 301
274 275
274 302
275 276
275 303
276 277
276 304
277 278
277 305
278 279
278 306
279 280
279 307
280 308
281 282
281 308
281 309
282 283
282 310
283 284
283 311
284 285
284 312
285 286
285 313
286 287
286 314
287 288
287 315
288 316
288 289
289 317
289 290
290 318
290 291
291 319
291 292
292 320
292 293
293 294
293 321
294 295
294 322
295 296
295 323
296 297
296 324
297 298
297 325
298 299
298 326
299 300
299 327
300 301
300 328
301 302
301 329
302 303
302 330
303 304
303 331
304 305
304 332
305 306
305 333
306 307
306 334
307 308
307 335
308 336
309 310
309 337
309 336
310 311
310 338
311 312
311 339
312 313
312 340
313 314
313 341
314 315
314 342
315 316
315 343
316 317
316 344
317 318
317 345
318 319
318 346
319 320
319 347
320 348
320 321
321 349
321 322
322 350
322 323
323 351
323 324
324 352
324 325
325 326
325 353
326 327
326 354
327 328
327 355
328 329
328 356
329 330
329 357
330 331
330 358
331 332
331 359
332 333
332 360
333 334
333 361
334 335
334 362
335 336
335 363
336 364
337 338
337 365
337 364
338 339
338 366
339 340
339 367
340 341
340 368
341 342
341 369
342 343
342 370
343 344
343 371
344 345
344 372
345 346
345 373
346 347
346 374
347 348
347 375
348 349
348 376
349 350
349 377
350 351
350 378
351 352
351 379
352 380
352 353
353 381
353 354
354 382
354 355
355 383
355 356
356 384
356 357
357 358
357 385
358 359
358 386
359 360
359 387
360 361
360 388
361 362
361 389
362 363
362 390
363 364
363 391
364 392
365 366
365 393
365 392
366 367
366 394
367 368
367 395
368 369
368 396
369 370
369 397
370 371
370 398
371 372
371 399
372 373
372 400
373 374
373 401
374 375
374 402
375 376
375 403
376 377
376 404
377 378
377 405
378 379
378 406
379 380
379 407
380 381
380 408
381 382
381 409
382 383
382 410
383 384
383 411
384 412
384 385
385 413
385 386
386 414
386 387
387 415
387 388
388 416
388 389
389 390
389 417
390 391
390 418
391 392
391 419
392 420
393 394
393 420
393 421
394 395
394 422
395 396
395 423
396 397
396 424
397 398
397 425
398 399
398 426
399 400
399 427
400 401
400 428
401 402
401 429
402 403
402 430
403 404
403 431
404 405
404 432
405 406
405 433
406 407
406 434
407 408
407 435
408 409
408 436
409 410
409 437
410 411
410 438
411 412
411 439
412 413
412 440
413 414
413 441
414 415
414 442
415 416
415 443
416 444
416 417
417 445
417 418
418 446
418 419
419 447
419 420
420 448
421 448
421 422
421 449
422 423
422 450
423 424
423 451
424 425
424 452
425 426
425 453
426 427
426 454
427 428
427 455
428 429
428 456
429 430
429 457
430 431
430 458
431 432
431 459
432 433
432 460
433 434
433 461
434 435
434 462
435 436
435 463
436 437
436 464
437 438
437 465
438 439
438 466
439 440
439 467
440 441
440 468
441 442
441 469
442 443
442 470
443 444
443 471
444 445
444 472
445 446
445 473
446 447
446 474
447 448
447 475
448 476
449 477
449 476
449 450
450 478
450 451
451 479
451 452
452 480
452 453
453 454
453 481
454 455
454 482
455 456
455 483
456 457
456 484
457 458
457 485
458 459
458 486
459 460
459 487
460 461
460 488
461 462
461 489
462 463
462 490
463 464
463 491
464 465
464 492
465 466
465 493
466 467
466 494
467 468
467 495
468 469
468 496
469 470
469 497
470 471
470 498
471 472
471 499
472 473
472 500
473 474
473 501
474 475
474 502
475 476
475 503
476 504
477 478
477 505
477 504
478 479
478 506
479 480
479 507
480 508
480 481
481 509
481 482
482 510
482 483
483 511
483 484
484 512
484 485
485 486
485 513
486 487
486 514
487 488
487 515
488 489
488 516
489 490
489 517
490 491
490 518
491 492
491 519
492 493
492 520
493 494
493 521
494 495
494 522
495 496
495 523
496 497
496 524
497 498
497 525
498 499
498 526
499 500
499 527
500 501
500 528
501 502
501 529
502 503
502 530
503 504
503 531
504 532
505 506
505 533
505 532
506 507
506 534
507 508
507 535
508 509
508 536
509 510
509 537
510 511
510 538
511 512
511 539
512 513
512 540
513 514
513 541
514 515
514 542
515 516
515 543
516 517
516 544
517 545
517 518
518 546
518 519
519 547
519 520
520 548
520 521
521 549
521 522
522 550
522 523
523 551
523 524
524 552
524 525
525 553
525 526
526 554
526 527
527 555
527 528
528 556
528 529
529 557
529 530
530 558
530 531
531 559
531 532
532 560
533 560
533 561
533 534
534 562
534 535
535 563
535 536
536 564
536 537
537 565
537 538
538 566
538 539
539 567
539 540
540 568
540 541
541 569
541 542
542 570
542 543
543 571
543 544
544 545
544 572
545 546
545 573
546 547
546 574
547 548
547 575
548 549
548 576
549 550
549 577
550 551
550 578
551 552
551 579
552 553
552 580
553 554
553 581
554 555
554 582
555 556
555 583
556 557
556 584
557 558
557 585
558 559
558 586
559 560
559 587
560 588
561 562
561 588
561 589
562 563
562 590
563 564
563 591
564 565
564 592
565 566
565 593
566 567
566 594
567 568
567 595
568 569
568 596
569 570
569 597
570 571
570 598
571 572
571 599
572 573
572 600
573 574
573 601
574 575
574 602
575 576
575 603
576 577
576 604
577 578
577 605
578 579
578 606
579 580
579 607
580 581
580 608
581 609
581 582
582 610
582 583
583 611
583 584
584 612
584 585
585 613
585 586
586 614
586 587
587 615
587 588
588 616
589 616
589 617
589 590
590 618
590 591
591 619
591 592
592 620
592 593
593 621
593 594
594 622
594 595
595 623
595 596
596 624
596 597
597 625
597 598
598 626
598 599
599 627
599 600
600 628
600 601
601 629
601 602
602 630
602 603
603 631
603 604
604 632
604 605
605 633
605 606
606 634
606 607
607 635
607 608
608 609
608 636
609 610
609 637
610 611
610 638
611 612
611 639
612 613
612 640
613 614
613 641
614 615
614 642
615 616
615 643
616 644
617 618
617 645
617 644
618 619
618 646
619 620
619 647
620 621
620 648
621 622
621 649
622 623
622 650
623 624
623 651
624 625
624 652
625 626
625 653
626 627
626 654
627 628
627 655
628 629
628 656
629 630
629 657
630 631
630 658
631 632
631 659
632 633
632 660
633 634
633 661
634 635
634 662
635 636
635 663
636 637
636 664
637 638
637 665
638 639
638 666
639 640
639 667
640 641
640 668
641 642
641 669
642 643
642 670
643 644
643 671
644 672
645 673
645 646
645 672
646 674
646 647
647 675
647 648
648 676
648 649
649 677
649 650
650 678
650 651
651 679
651 652
652 680
652 653
653 681
653 654
654 682
654 655
655 683
655 656
656 684
656 657
657 685
657 658
658 686
658 659
659 687
659 660
660 688
660 661
661 689
661 662
662 690
662 663
663 691
663 664
664 692
664 665
665 693
665 666
666 694
666 667
667 695
667 668
668 696
668 669
669 697
669 670
670 698
670 671
671 699
671 672
672 700
673 674
673 701
673 700
674 675
674 702
675 676
675 703
676 677
676 704
677 678
677 705
678 679
678 706
679 680
679 707
680 681
680 708
681 682
681 709
682 683
682 710
683 684
683 711
684 685
684 712
685 686
685 713
686 687
686 714
687 688
687 715
688 689
688 716
689 690
689 717
690 691
690 718
691 692
691 719
692 693
692 720
693 694
693 721
694 695
694 722
695 696
695 723
696 697
696 724
697 698
697 725
698 699
698 726
699 700
699 727
700 728
701 702
701 729
701 728
702 703
702 730
703 704
703 731
704 705
704 732
705 706
705 733
706 707
706 734
707 708
707 735
708 709
708 736
709 737
709 710
710 738
710 711
711 739
711 712
712 740
712 713
713 741
713 714
714 742
714 715
715 743
715 716
716 744
716 717
717 745
717 718
718 746
718 719
719 747
719 720
720 748
720 721
721 749
721 722
722 750
722 723
723 751
723 724
724 752
724 725
725 753
725 726
726 754
726 727
727 755
727 728
728 756
729 756
729 757
729 730
730 758
730 731
731 759
731 732
732 760
732 733
733 761
733 734
734 762
734 735
735 763
735 736
736 737
736 764
737 738
737 765
738 739
738 766
739 740
739 767
740 741
740 768
741 742
741 769
742 743
742 770
743 744
743 771
744 745
744 772
745 746
745 773
746 747
746 774
747 748
747 775
748 749
748 776
749 750
749 777
750 751
750 778
751 752
751 779
752 753
752 780
753 754
753 781
754 755
754 782
755 756
755 783
756 784
757 758
757 784
758 759
759 760
760 761
761 762
762 763
763 764
764 765
765 766
766 767
767 768
768 769
769 770
770 771
771 772
772 773
773 774
774 775
775 776
776 777
777 778
778 779
779 780
780 781
781 782
782 783
783 784
