
1369 1369 2738
1 2
1 37
1 38
1 1333
2 3
2 39
2 1334
3 4
3 40
3 1335
4 5
4 41
4 1336
5 6
5 42
5 1337
6 7
6 43
6 1338
7 8
7 44
7 1339
8 9
8 45
8 1340
9 10
9 46
9 1341
10 11
10 47
10 1342
11 12
11 48
11 1343
12 13
12 49
12 1344
13 14
13 50
13 1345
14 15
14 51
14 1346
15 16
15 52
15 1347
16 17
16 53
16 1348
17 18
17 54
17 1349
18 19
18 55
18 1350
19 20
19 56
19 1351
20 21
20 57
20 1352
21 22
21 58
21 1353
22 23
22 59
22 1354
23 24
23 60
23 1355
24 25
24 61
24 1356
25 26
25 62
25 1357
26 27
26 63
26 1358
27 28
27 64
27 1359
28 29
28 65
28 1360
29 30
29 66
29 1361
30 31
30 67
30 1362
31 32
31 68
31 1363
32 33
32 69
32 1364
33 34
33 70
33 1365
34 35
34 71
34 1366
35 36
35 72
35 1367
36 37
36 73
36 1368
37 74
37 1369
38 39
38 74
38 75
39 40
39 76
40 41
40 77
41 42
41 78
42 43
42 79
43 44
43 80
44 45
44 81
45 46
45 82
46 47
46 83
47 48
47 84
48 49
48 85
49 50
49 86
50 51
50 87
51 52
51 88
52 53
52 89
53 54
53 90
54 55
54 91
55 56
55 92
56 57
56 93
57 58
57 94
58 59
58 95
59 60
59 96
60 61
60 97
61 62
61 98
62 63
62 99
63 64
63 100
64 65
64 101
65 66
65 102
66 67
66 103
67 68
67 104
68 69
68 105
69 70
69 106
70 71
70 107
71 72
71 108
72 73
72 109
73 74
73 110
74 111
75 76
75 111
75 112
76 77
76 113
77 78
77 114
78 79
78 115
79 80
79 116
80 81
80 117
81 82
81 118
82 83
82 119
83 84
83 120
84 85
84 121
85 86
85 122
86 87
86 123
87 88
87 124
88 89
88 125
89 90
89 126
90 91
90 127
91 92
91 128
92 93
92 129
93 94
93 130
94 95
94 131
95 96
95 132
96 97
96 133
97 98
97 134
98 99
98 135
99 100
99 136
100 101
100 137
101 102
101 138
102 103
102 139
103 104
103 140
104 105
104 141
105 106
105 142
106 107
106 143
107 108
107 144
108 109
108 145
109 110
109 146
110 111
110 147
111 148
112 113
112 148
112 149
113 114
113 150
114 115
114 151
115 116
115 152
116 117
116 153
117 118
117 154
118 119
118 155
119 120
119 156
120 121
120 157
121 122
121 158
122 123
122 159
123 124
123 160
124 125
124 161
125 126
125 162
126 127
126 163
127 128
127 164
128 129
128 165
129 130
129 166
130 131
130 167
131 132
131 168
132 133
132 169
133 134
133 170
134 135
134 171
135 136
135 172
136 137
136 173
137 138
137 174
138 139
138 175
139 140
139 176
140 141
140 177
141 142
141 178
142 143
142 179
143 144
143 180
144 145
144 181
145 146
145 182
146 147
146 183
147 148
147 184
148 185
149 150
149 185
149 186
150 151
150 187
151 152
151 188
152 153
152 189
153 154
153 190
154 155
154 191
155 156
155 192
156 157
156 193
157 158
157 194
158 159
158 195
159 160
159 196
160 161
160 197
161 162
161 198
162 163
162 199
163 164
163 200
164 165
164 201
165 166
165 202
166 167
166 203
167 168
167 204
168 169
168 205
169 170
169 206
170 171
170 207
171 172
171 208
172 173
172 209
173 174
173 210
174 175
174 211
175 176
175 212
176 177
176 213
177 178
177 214
178 179
178 215
179 180
179 216
180 181
180 217
181 182
181 218
182 183
182 219
183 184
183 220
184 185
184 221
185 222
186 187
186 222
186 223
187 188
187 224
188 189
188 225
189 190
189 226
190 191
190 227
191 192
191 228
192 193
192 229
193 194
193 230
194 195
194 231
195 196
195 232
196 197
196 233
197 198
197 234
198 199
198 235
199 200
199 236
200 201
200 237
201 202
201 238
202 203
202 239
203 204
203 240
204 205
204 241
205 206
205 242
206 207
206 243
207 208
207 244
208 209
208 245
209 210
209 246
210 211
210 247
211 212
211 248
212 213
212 249
213 214
213 250
214 215
214 251
215 216
215 252
216 217
216 253
217 218
217 254
218 219
218 255
219 220
219 256
220 221
220 257
221 222
221 258
222 259
223 224
223 259
223 260
224 225
224 261
225 226
225 262
226 227
226 263
227 228
227 264
228 229
228 265
229 230
229 266
230 231
230 267
231 232
231 268
232 233
232 269
233 234
233 270
234 235
234 271
235 236
235 272
236 237
236 273
237 238
237 274
238 239
238 275
239 240
239 276
240 241
240 277
241 242
241 278
242 243
242 279
243 244
243 280
244 245
244 281
245 246
245 282
246 247
246 283
247 248
247 284
248 249
248 285
249 250
249 286
250 251
250 287
251 252
251 288
252 253
252 289
253 254
253 290
254 255
254 291
255 256
255 292
256 257
256 293
257 258
257 294
258 259
258 295
259 296
260 261
260 296
260 297
261 262
261 298
262 263
262 299
263 264
263 300
264 265
264 301
265 266
265 302
266 267
266 303
267 268
267 304
268 269
268 305
269 270
269 306
270 271
270 307
271 272
271 308
272 273
272 309
273 274
273 310
274 275
274 311
275 276
275 312
276 277
276 313
277 278
277 314
278 279
278 315
279 280
279 316
280 281
280 317
281 282
281 318
282 283
282 319
283 284
283 320
284 285
284 321
285 286
285 322
286 287
286 323
287 288
287 324
288 289
288 325
289 290
289 326
290 291
290 327
291 292
291 328
292 293
292 329
293 294
293 330
294 295
294 331
295 296
295 332
296 333
297 298
297 333
297 334
298 299
298 335
299 300
299 336
300 301
300 337
301 302
301 338
302 303
302 339
303 304
303 340
304 305
304 341
305 306
305 342
306 307
306 343
307 308
307 344
308 309
308 345
309 310
309 346
310 311
310 347
311 312
311 348
312 313
312 349
313 314
313 350
314 315
314 351
315 316
315 352
316 317
316 353
317 318
317 354
318 319
318 355
319 320
319 356
320 321
320 357
321 322
321 358
322 323
322 359
323 324
323 360
324 325
324 361
325 326
325 362
326 327
326 363
327 328
327 364
328 329
328 365
329 330
329 366
330 331
330 367
331 332
331 368
332 333
332 369
333 370
334 335
334 370
334 371
335 336
335 372
336 337
336 373
337 338
337 374
338 339
338 375
339 340
339 376
340 341
340 377
341 342
341 378
342 343
342 379
343 344
343 380
344 345
344 381
345 346
345 382
346 347
346 383
347 348
347 384
348 349
348 385
349 350
349 386
350 351
350 387
351 352
351 388
352 353
352 389
353 354
353 390
354 355
354 391
355 356
355 392
356 357
356 393
357 358
357 394
358 359
358 395
359 360
359 396
360 361
360 397
361 362
361 398
362 363
362 399
363 364
363 400
364 365
364 401
365 366
365 402
366 367
366 403
367 368
367 404
368 369
368 405
369 370
369 406
370 407
371 372
371 407
371 408
372 373
372 409
373 374
373 410
374 375
374 411
375 376
375 412
376 377
376 413
377 378
377 414
378 379
378 415
379 380
379 416
380 381
380 417
381 382
381 418
382 383
382 419
383 384
383 420
384 385
384 421
385 386
385 422
386 387
386 423
387 388
387 424
388 389
388 425
389 390
389 426
390 391
390 427
391 392
391 428
392 393
392 429
393 394
393 430
394 395
394 431
395 396
395 432
396 397
396 433
397 398
397 434
398 399
398 435
399 400
399 436
400 401
400 437
401 402
401 438
402 403
402 439
403 404
403 440
404 405
404 441
405 406
405 442
406 407
406 443
407 444
408 409
408 444
408 445
409 410
409 446
410 411
410 447
411 412
411 448
412 413
412 449
413 414
413 450
414 415
414 451
415 416
415 452
416 417
416 453
417 418
417 454
418 419
418 455
419 420
419 456
420 421
420 457
421 422
421 458
422 423
422 459
423 424
423 460
424 425
424 461
425 426
425 462
426 427
426 463
427 428
427 464
428 429
428 465
429 430
429 466
430 431
430 467
431 432
431 468
432 433
432 469
433 434
433 470
434 435
434 471
435 436
435 472
436 437
436 473
437 438
437 474
438 439
438 475
439 440
439 476
440 441
440 477
441 442
441 478
442 443
442 479
443 444
443 480
444 481
445 446
445 482
445 481
446 447
446 483
447 448
447 484
448 449
448 485
449 450
449 486
450 451
450 487
451 452
451 488
452 453
452 489
453 454
453 490
454 455
454 491
455 456
455 492
456 457
456 493
457 458
457 494
458 459
458 495
459 460
459 496
460 461
460 497
461 462
461 498
462 463
462 499
463 464
463 500
464 465
464 501
465 466
465 502
466 467
466 503
467 468
467 504
468 469
468 505
469 470
469 506
470 471
470 507
471 472
471 508
472 473
472 509
473 474
473 510
474 475
474 511
475 476
475 512
476 477
476 513
477 478
477 514
478 479
478 515
479 480
479 516
480 481
480 517
481 518
482 483
482 518
482 519
483 484
483 520
484 485
484 521
485 486
485 522
486 487
486 523
487 488
487 524
488 489
488 525
489 490
489 526
490 491
490 527
491 492
491 528
492 493
492 529
493 494
493 530
494 495
494 531
495 496
495 532
496 497
496 533
497 498
497 534
498 499
498 535
499 500
499 536
500 501
500 537
501 502
501 538
502 503
502 539
503 504
503 540
504 505
504 541
505 506
505 542
506 507
506 543
507 508
507 544
508 509
508 545
509 510
509 546
510 511
510 547
511 512
511 548
512 549
512 513
513 550
513 514
514 551
514 515
515 552
515 516
516 553
516 517
517 554
517 518
518 555
519 555
519 556
519 520
520 557
520 521
521 558
521 522
522 559
522 523
523 560
523 524
524 561
524 525
525 562
525 526
526 563
526 527
527 564
527 528
528 565
528 529
529 566
529 530
530 567
530 531
531 568
531 532
532 569
532 533
533 570
533 534
534 571
534 535
535 572
535 536
536 573
536 537
537 574
537 538
538 575
538 539
539 576
539 540
540 541
540 577
541 542
541 578
542 543
542 579
543 544
543 580
544 545
544 581
545 546
545 582
546 547
546 583
547 548
547 584
548 549
548 585
549 550
549 586
550 551
550 587
551 552
551 588
552 553
552 589
553 554
553 590
554 555
554 591
555 592
556 557
556 592
556 593
557 558
557 594
558 559
558 595
559 560
559 596
560 561
560 597
561 562
561 598
562 563
562 599
563 564
563 600
564 565
564 601
565 566
565 602
566 567
566 603
567 568
567 604
568 569
568 605
569 570
569 606
570 571
570 607
571 572
571 608
572 573
572 609
573 574
573 610
574 575
574 611
575 576
575 612
576 613
576 577
577 614
577 578
578 615
578 579
579 616
579 580
580 617
580 581
581 618
581 582
582 619
582 583
583 620
583 584
584 621
584 585
585 622
585 586
586 623
586 587
587 624
587 588
588 625
588 589
589 626
589 590
590 627
590 591
591 628
591 592
592 629
593 630
593 629
593 594
594 631
594 595
595 632
595 596
596 633
596 597
597 634
597 598
598 635
598 599
599 636
599 600
600 637
600 601
601 638
601 602
602 639
602 603
603 640
603 604
604 605
604 641
605 606
605 642
606 607
606 643
607 608
607 644
608 609
608 645
609 610
609 646
610 611
610 647
611 612
611 648
612 613
612 649
613 614
613 650
614 615
614 651
615 616
615 652
616 617
616 653
617 618
617 654
618 619
618 655
619 620
619 656
620 621
620 657
621 622
621 658
622 623
622 659
623 624
623 660
624 625
624 661
625 626
625 662
626 627
626 663
627 628
627 664
628 629
628 665
629 666
630 631
630 666
630 667
631 632
631 668
632 633
632 669
633 634
633 670
634 635
634 671
635 636
635 672
636 637
636 673
637 638
637 674
638 639
638 675
639 640
639 676
640 677
640 641
641 678
641 642
642 679
642 643
643 680
643 644
644 681
644 645
645 682
645 646
646 683
646 647
647 684
647 648
648 685
648 649
649 686
649 650
650 687
650 651
651 688
651 652
652 689
652 653
653 690
653 654
654 691
654 655
655 692
655 656
656 693
656 657
657 694
657 658
658 695
658 659
659 696
659 660
660 697
660 661
661 698
661 662
662 699
662 663
663 700
663 664
664 701
664 665
665 702
665 666
666 703
667 703
667 704
667 668
668 669
668 705
669 670
669 706
670 671
670 707
671 672
671 708
672 673
672 709
673 674
673 710
674 675
674 711
675 676
675 712
676 677
676 713
677 678
677 714
678 679
678 715
679 680
679 716
680 681
680 717
681 682
681 718
682 683
682 719
683 684
683 720
684 685
684 721
685 686
685 722
686 687
686 723
687 688
687 724
688 689
688 725
689 690
689 726
690 691
690 727
691 692
691 728
692 693
692 729
693 694
693 730
694 695
694 731
695 696
695 732
696 697
696 733
697 698
697 734
698 699
698 735
699 700
699 736
700 701
700 737
701 702
701 738
702 703
702 739
703 740
704 740
704 741
704 705
705 742
705 706
706 743
706 707
707 744
707 708
708 745
708 709
709 746
709 710
710 747
710 711
711 748
711 712
712 749
712 713
713 750
713 714
714 751
714 715
715 752
715 716
716 753
716 717
717 754
717 718
718 755
718 719
719 756
719 720
720 757
720 721
721 758
721 722
722 759
722 723
723 760
723 724
724 761
724 725
725 762
725 726
726 763
726 727
727 764
727 728
728 765
728 729
729 766
729 730
730 767
730 731
731 768
731 732
732 733
732 769
733 734
733 770
734 735
734 771
735 736
735 772
736 737
736 773
737 738
737 774
738 739
738 775
739 740
739 776
740 777
741 742
741 777
741 778
742 743
742 779
743 744
743 780
744 745
744 781
745 746
745 782
746 747
746 783
747 748
747 784
748 749
748 785
749 750
749 786
750 751
750 787
751 752
751 788
752 753
752 789
753 754
753 790
754 755
754 791
755 756
755 792
756 757
756 793
757 758
757 794
758 759
758 795
759 760
759 796
760 761
760 797
761 762
761 798
762 763
762 799
763 764
763 800
764 765
764 801
765 766
765 802
766 767
766 803
767 768
767 804
768 805
768 769
769 806
769 770
770 807
770 771
771 808
771 772
772 809
772 773
773 810
773 774
774 811
774 775
775 812
775 776
776 813
776 777
777 814
778 814
778 815
778 779
779 816
779 780
780 817
780 781
781 818
781 782
782 819
782 783
783 820
783 784
784 821
784 785
785 822
785 786
786 823
786 787
787 824
787 788
788 825
788 789
789 826
789 790
790 827
790 791
791 828
791 792
792 829
792 793
793 830
793 794
794 831
794 795
795 832
795 796
796 797
796 833
797 798
797 834
798 799
798 835
799 800
799 836
800 801
800 837
801 802
801 838
802 803
802 839
803 804
803 840
804 805
804 841
805 806
805 842
806 807
806 843
807 808
807 844
808 809
808 845
809 810
809 846
810 811
810 847
811 812
811 848
812 813
812 849
813 814
813 850
814 851
815 816
815 852
815 851
816 817
816 853
817 818
817 854
818 819
818 855
819 820
819 856
820 821
820 857
821 822
821 858
822 823
822 859
823 824
823 860
824 825
824 861
825 826
825 862
826 827
826 863
827 828
827 864
828 829
828 865
829 830
829 866
830 831
830 867
831 832
831 868
832 869
832 833
833 870
833 834
834 871
834 835
835 872
835 836
836 873
836 837
837 874
837 838
838 875
838 839
839 876
839 840
840 877
840 841
841 878
841 842
842 879
842 843
843 880
843 844
844 881
844 845
845 882
845 846
846 883
846 847
847 884
847 848
848 885
848 849
849 886
849 850
850 887
850 851
851 888
852 888
852 889
852 853
853 890
853 854
854 891
854 855
855 892
855 856
856 893
856 857
857 894
857 858
858 895
858 859
859 896
859 860
860 861
860 897
861 862
861 898
862 863
862 899
863 864
863 900
864 865
864 901
865 866
865 902
866 867
866 903
867 868
867 904
868 869
868 905
869 870
869 906
870 871
870 907
871 872
871 908
872 873
872 909
873 874
873 910
874 875
874 911
875 876
875 912
876 877
876 913
877 878
877 914
878 879
878 915
879 880
879 916
880 881
880 917
881 882
881 918
882 883
882 919
883 884
883 920
884 885
884 921
885 886
885 922
886 887
886 923
887 888
887 924
888 925
889 890
889 925
889 926
890 891
890 927
891 892
891 928
892 893
892 929
893 894
893 930
894 895
894 931
895 896
895 932
896 933
896 897
897 934
897 898
898 935
898 899
899 936
899 900
900 937
900 901
901 938
901 902
902 939
902 903
903 940
903 904
904 941
904 905
905 942
905 906
906 943
906 907
907 944
907 908
908 945
908 909
909 946
909 910
910 947
910 911
911 948
911 912
912 949
912 913
913 950
913 914
914 951
914 915
915 952
915 916
916 953
916 917
917 954
917 918
918 955
918 919
919 956
919 920
920 957
920 921
921 958
921 922
922 959
922 923
923 960
923 924
924 925
924 961
925 962
926 927
926 963
926 962
927 928
927 964
928 929
928 965
929 930
929 966
930 931
930 967
931 932
931 968
932 933
932 969
933 934
933 970
934 935
934 971
935 936
935 972
936 937
936 973
937 938
937 974
938 939
938 975
939 940
939 976
940 941
940 977
941 942
941 978
942 943
942 979
943 944
943 980
944 945
944 981
945 946
945 982
946 947
946 983
947 948
947 984
948 949
948 985
949 950
949 986
950 951
950 987
951 952
951 988
952 953
952 989
953 954
953 990
954 955
954 991
955 956
955 992
956 957
956 993
957 958
957 994
958 959
958 995
959 960
959 996
960 997
960 961
961 998
961 962
962 999
963 1000
963 999
963 964
964 1001
964 965
965 1002
965 966
966 1003
966 967
967 1004
967 968
968 1005
968 969
969 1006
969 970
970 1007
970 971
971 1008
971 972
972 1009
972 973
973 1010
973 974
974 1011
974 975
975 1012
975 976
976 1013
976 977
977 1014
977 978
978 1015
978 979
979 1016
979 980
980 1017
980 981
981 1018
981 982
982 1019
982 983
983 1020
983 984
984 1021
984 985
985 1022
985 986
986 1023
986 987
987 1024
987 988
988 989
988 1025
989 990
989 1026
990 991
990 1027
991 992
991 1028
992 993
992 1029
993 994
993 1030
994 995
994 1031
995 996
995 1032
996 997
996 1033
997 998
997 1034
998 999
998 1035
999 1036
1000 1001
1000 1036
1000 1037
1001 1002
1001 1038
1002 1003
1002 1039
1003 1004
1003 1040
1004 1005
1004 1041
1005 1006
1005 1042
1006 1007
1006 1043
1007 1008
1007 1044
1008 1009
1008 1045
1009 1010
1009 1046
1010 1011
1010 1047
1011 1012
1011 1048
1012 1013
1012 1049
1013 1014
1013 1050
1014 1015
1014 1051
1015 1016
1015 1052
1016 1017
1016 1053
1017 1018
1017 1054
1018 1019
1018 1055
1019 1020
1019 1056
1020 1021
1020 1057
1021 1022
1021 1058
1022 1023
1022 1059
1023 1024
1023 1060
1024 1025
1024 1061
1025 1026
1025 1062
1026 1027
1026 1063
1027 1028
1027 1064
1028 1029
1028 1065
1029 1030
1029 1066
1030 1031
1030 1067
1031 1032
1031 1068
1032 1033
1032 1069
1033 1034
1033 1070
1034 1035
1034 1071
1035 1036
1035 1072
1036 1073
1037 1038
1037 1074
1037 1073
1038 1039
1038 1075
1039 1040
1039 1076
1040 1041
1040 1077
1041 1042
1041 1078
1042 1043
1042 1079
1043 1044
1043 1080
1044 1045
1044 1081
1045 1046
1045 1082
1046 1047
1046 1083
1047 1048
1047 1084
1048 1049
1048 1085
1049 1050
1049 1086
1050 1051
1050 1087
1051 1052
1051 1088
1052 1089
1052 1053
1053 1090
1053 1054
1054 1091
1054 1055
1055 1092
1055 1056
1056 1093
1056 1057
1057 1094
1057 1058
1058 1095
1058 1059
1059 1096
1059 1060
1060 1097
1060 1061
1061 1098
1061 1062
1062 1099
1062 1063
1063 1100
1063 1064
1064 1101
1064 1065
1065 1102
1065 1066
1066 1103
1066 1067
1067 1104
1067 1068
1068 1105
1068 1069
1069 1106
1069 1070
1070 1107
1070 1071
1071 1108
1071 1072
1072 1109
1072 1073
1073 1110
1074 1110
1074 1111
1074 1075
1075 1112
1075 1076
1076 1113
1076 1077
1077 1114
1077 1078
1078 1115
1078 1079
1079 1116
1079 1080
1080 1117
1080 1081
1081 1118
1081 1082
1082 1119
1082 1083
1083 1120
1083 1084
1084 1121
1084 1085
1085 1122
1085 1086
1086 1123
1086 1087
1087 1124
1087 1088
1088 1089
1088 1125
1089 1090
1089 1126
1090 1091
1090 1127
1091 1092
1091 1128
1092 1093
1092 1129
1093 1094
1093 1130
1094 1095
1094 1131
1095 1096
1095 1132
1096 1097
1096 1133
1097 1098
1097 1134
1098 1099
1098 1135
1099 1100
1099 1136
1100 1101
1100 1137
1101 1102
1101 1138
1102 1103
1102 1139
1103 1104
1103 1140
1104 1105
1104 1141
1105 1106
1105 1142
1106 1107
1106 1143
1107 1108
1107 1144
1108 1109
1108 1145
1109 1110
1109 1146
1110 1147
1111 1112
1111 1148
1111 1147
1112 1113
1112 1149
1113 1114
1113 1150
1114 1115
1114 1151
1115 1116
1115 1152
1116 1117
1116 1153
1117 1118
1117 1154
1118 1119
1118 1155
1119 1120
1119 1156
1120 1121
1120 1157
1121 1122
1121 1158
1122 1123
1122 1159
1123 1124
1123 1160
1124 1125
1124 1161
1125 1126
1125 1162
1126 1127
1126 1163
1127 1128
1127 1164
1128 1129
1128 1165
1129 1130
1129 1166
1130 1131
1130 1167
1131 1132
1131 1168
1132 1133
1132 1169
1133 1134
1133 1170
1134 1135
1134 1171
1135 1136
1135 1172
1136 1137
1136 1173
1137 1138
1137 1174
1138 1139
1138 1175
1139 1140
1139 1176
1140 1141
1140 1177
1141 1142
1141 1178
1142 1143
1142 1179
1143 1144
1143 1180
1144 1145
1144 1181
1145 1146
1145 1182
1146 1147
1146 1183
1147 1184
1148 1149
1148 1184
1148 1185
1149 1150
1149 1186
1150 1151
1150 1187
1151 1152
1151 1188
1152 1153
1152 1189
1153 1154
1153 1190
1154 1155
1154 1191
1155 1156
1155 1192
1156 1157
1156 1193
1157 1158
1157 1194
1158 1159
1158 1195
1159 1160
1159 1196
1160 1161
1160 1197
1161 1162
1161 1198
1162 1163
1162 1199
1163 1164
1163 1200
1164 1165
1164 1201
1165 1166
1165 1202
1166 1167
1166 1203
1167 1168
1167 1204
1168 1169
1168 1205
1169 1170
1169 1206
1170 1171
1170 1207
1171 1172
1171 1208
1172 1173
1172 1209
1173 1174
1173 1210
1174 1175
1174 1211
1175 1176
1175 1212
1176 1177
1176 1213
1177 1178
1177 1214
1178 1179
1178 1215
1179 1180
1179 1216
1180 1217
1180 1181
1181 1218
1181 1182
1182 1219
1182 1183
1183 1220
1183 1184
1184 1221
1185 1222
1185 1221
1185 1186
1186 1223
1186 1187
1187 1224
1187 1188
1188 1225
1188 1189
1189 1226
1189 1190
1190 1227
1190 1191
1191 1228
1191 1192
1192 1229
1192 1193
1193 1230
1193 1194
1194 1231
1194 1195
1195 1232
1195 1196
1196 1233
1196 1197
1197 1234
1197 1198
1198 1235
1198 1199
1199 1236
1199 1200
1200 1237
1200 1201
1201 1238
1201 1202
1202 1239
1202 1203
1203 1240
1203 1204
1204 1241
1204 1205
1205 1242
1205 1206
1206 1243
1206 1207
1207 1244
1207 1208
1208 1245
1208 1209
1209 1246
1209 1210
1210 1247
1210 1211
1211 1248
1211 1212
1212 1249
1212 1213
1213 1250
1213 1214
1214 1251
1214 1215
1215 1252
1215 1216
1216 1217
1216 1253
1217 1218
1217 1254
1218 1219
1218 1255
1219 1220
1219 1256
1220 1221
1220 1257
1221 1258
1222 1223
1222 1259
1222 1258
1223 1224
1223 1260
1224 1225
1224 1261
1225 1226
1225 1262
1226 1227
1226 1263
1227 1228
1227 1264
1228 1229
1228 1265
1229 1230
1229 1266
1230 1231
1230 1267
1231 1232
1231 1268
1232 1233
1232 1269
1233 1234
1233 1270
1234 1235
1234 1271
1235 1236
1235 1272
1236 1237
1236 1273
1237 1238
1237 1274
1238 1239
1238 1275
1239 1240
1239 1276
1240 1241
1240 1277
1241 1242
1241 1278
1242 1243
1242 1279
1243 1244
1243 1280
1244 1245
1244 1281
1245 1246
1245 1282
1246 1247
1246 1283
1247 1248
1247 1284
1248 1249
1248 1285
1249 1250
1249 1286
1250 1251
1250 1287
1251 1252
1251 1288
1252 1253
1252 1289
1253 1254
1253 1290
1254 1255
1254 1291
1255 1256
1255 1292
1256 1257
1256 1293
1257 1258
1257 1294
1258 1295
1259 1260
1259 1295
1259 1296
1260 1261
1260 1297
1261 1262
1261 1298
1262 1263
1262 1299
1263 1264
1263 1300
1264 1265
1264 1301
1265 1266
1265 1302
1266 1267
1266 1303
1267 1268
1267 1304
1268 1269
1268 1305
1269 1270
1269 1306
1270 1271
1270 1307
1271 1272
1271 1308
1272 1273
1272 1309
1273 1274
1273 1310
1274 1275
1274 1311
1275 1276
1275 1312
1276 1277
1276 1313
1277 1278
1277 1314
1278 1279
1278 1315
1279 1280
1279 1316
1280 1281
1280 1317
1281 1282
1281 1318
1282 1283
1282 1319
1283 1284
1283 1320
1284 1285
1284 1321
1285 1286
1285 1322
1286 1287
1286 1323
1287 1288
1287 1324
1288 1289
1288 1325
1289 1290
1289 1326
1290 1291
1290 1327
1291 1292
1291 1328
1292 1293
1292 1329
1293 1294
1293 1330
1294 1295
1294 1331
1295 1332
1296 1297
1296 1332
1296 1333
1297 1298
1297 1334
1298 1299
1298 1335
1299 1300
1299 1336
1300 1301
1300 1337
1301 1302
1301 1338
1302 1303
1302 1339
1303 1304
1303 1340
1304 1305
1304 1341
1305 1306
1305 1342
1306 1307
1306 1343
1307 1308
1307 1344
1308 1345
1308 1309
1309 1346
1309 1310
1310 1347
1310 1311
1311 1348
1311 1312
1312 1349
1312 1313
1313 1350
1313 1314
1314 1351
1314 1315
1315 1352
1315 1316
1316 1353
1316 1317
1317 1354
1317 1318
1318 1355
1318 1319
1319 1356
1319 1320
1320 1357
1320 1321
1321 1358
1321 1322
1322 1359
1322 1323
1323 1360
1323 1324
1324 1361
1324 1325
1325 1362
1325 1326
1326 1363
1326 1327
1327 1364
1327 1328
1328 1365
1328 1329
1329 1366
1329 1330
1330 1367
1330 1331
1331 1368
1331 1332
1332 1369
1333 1369
1333 1334
1334 1335
1335 1336
1336 1337
1337 1338
1338 1339
1339 1340
1340 1341
1341 1342
1342 1343
1343 1344
1344 1345
1345 1346
1346 1347
1347 1348
1348 1349
1349 1350
1350 1351
1351 1352
1352 1353
1353 1354
1354 1355
1355 1356
1356 1357
1357 1358
1358 1359
1359 1360
1360 1361
1361 1362
1362 1363
1363 1364
1364 1365
1365 1366
1366 1367
1367 1368
1368 1369
