
1156 1156 2312
1 2
1 35
1 34
1 1123
2 3
2 36
2 1124
3 4
3 37
3 1125
4 5
4 38
4 1126
5 6
5 39
5 1127
6 7
6 40
6 1128
7 8
7 41
7 1129
8 9
8 42
8 1130
9 10
9 43
9 1131
10 11
10 44
10 1132
11 12
11 45
11 1133
12 13
12 46
12 1134
13 14
13 47
13 1135
14 15
14 48
14 1136
15 16
15 49
15 1137
16 17
16 50
16 1138
17 18
17 51
17 1139
18 19
18 52
18 1140
19 20
19 53
19 1141
20 21
20 54
20 1142
21 22
21 55
21 1143
22 23
22 56
22 1144
23 24
23 57
23 1145
24 25
24 58
24 1146
25 26
25 59
25 1147
26 27
26 60
26 1148
27 28
27 61
27 1149
28 29
28 62
28 1150
29 30
29 63
29 1151
30 31
30 64
30 1152
31 32
31 65
31 1153
32 33
32 66
32 1154
33 34
33 67
33 1155
34 68
34 1156
35 36
35 69
35 68
36 37
36 70
37 38
37 71
38 39
38 72
39 40
39 73
40 41
40 74
41 42
41 75
42 43
42 76
43 44
43 77
44 45
44 78
45 46
45 79
46 47
46 80
47 48
47 81
48 49
48 82
49 50
49 83
50 51
50 84
51 52
51 85
52 53
52 86
53 54
53 87
54 55
54 88
55 56
55 89
56 57
56 90
57 58
57 91
58 59
58 92
59 60
59 93
60 61
60 94
61 62
61 95
62 63
62 96
63 64
63 97
64 65
64 98
65 66
65 99
66 67
66 100
67 68
67 101
68 102
69 70
69 103
69 102
70 71
70 104
71 72
71 105
72 73
72 106
73 74
73 107
74 75
74 108
75 76
75 109
76 77
76 110
77 78
77 111
78 79
78 112
79 80
79 113
80 81
80 114
81 82
81 115
82 83
82 116
83 84
83 117
84 85
84 118
85 86
85 119
86 87
86 120
87 88
87 121
88 89
88 122
89 90
89 123
90 91
90 124
91 92
91 125
92 93
92 126
93 94
93 127
94 95
94 128
95 96
95 129
96 97
96 130
97 98
97 131
98 99
98 132
99 100
99 133
100 101
100 134
101 102
101 135
102 136
103 104
103 137
103 136
104 105
104 138
105 106
105 139
106 107
106 140
107 108
107 141
108 109
108 142
109 110
109 143
110 111
110 144
111 112
111 145
112 113
112 146
113 114
113 147
114 115
114 148
115 116
115 149
116 117
116 150
117 118
117 151
118 119
118 152
119 120
119 153
120 121
120 154
121 122
121 155
122 123
122 156
123 124
123 157
124 125
124 158
125 126
125 159
126 127
126 160
127 128
127 161
128 129
128 162
129 130
129 163
130 131
130 164
131 132
131 165
132 133
132 166
133 134
133 167
134 135
134 168
135 136
135 169
136 170
137 138
137 171
137 170
138 139
138 172
139 140
139 173
140 141
140 174
141 142
141 175
142 143
142 176
143 144
143 177
144 145
144 178
145 146
145 179
146 147
146 180
147 148
147 181
148 149
148 182
149 150
149 183
150 151
150 184
151 152
151 185
152 153
152 186
153 154
153 187
154 155
154 188
155 156
155 189
156 157
156 190
157 158
157 191
158 159
158 192
159 160
159 193
160 161
160 194
161 162
161 195
162 163
162 196
163 164
163 197
164 165
164 198
165 166
165 199
166 167
166 200
167 168
167 201
168 169
168 202
169 170
169 203
170 204
171 172
171 205
171 204
172 173
172 206
173 174
173 207
174 175
174 208
175 176
175 209
176 177
176 210
177 178
177 211
178 179
178 212
179 180
179 213
180 181
180 214
181 182
181 215
182 183
182 216
183 184
183 217
184 185
184 218
185 186
185 219
186 187
186 220
187 188
187 221
188 189
188 222
189 190
189 223
190 191
190 224
191 192
191 225
192 193
192 226
193 194
193 227
194 195
194 228
195 196
195 229
196 197
196 230
197 198
197 231
198 199
198 232
199 200
199 233
200 201
200 234
201 202
201 235
202 203
202 236
203 204
203 237
204 238
205 206
205 239
205 238
206 207
206 240
207 208
207 241
208 209
208 242
209 210
209 243
210 211
210 244
211 212
211 245
212 213
212 246
213 214
213 247
214 215
214 248
215 216
215 249
216 217
216 250
217 218
217 251
218 219
218 252
219 220
219 253
220 221
220 254
221 222
221 255
222 223
222 256
223 224
223 257
224 225
224 258
225 226
225 259
226 227
226 260
227 228
227 261
228 229
228 262
229 230
229 263
230 231
230 264
231 232
231 265
232 233
232 266
233 234
233 267
234 235
234 268
235 236
235 269
236 237
236 270
237 238
237 271
238 272
239 240
239 273
239 272
240 241
240 274
241 242
241 275
242 243
242 276
243 244
243 277
244 245
244 278
245 246
245 279
246 247
246 280
247 248
247 281
248 249
248 282
249 250
249 283
250 251
250 284
251 252
251 285
252 253
252 286
253 254
253 287
254 255
254 288
255 256
255 289
256 257
256 290
257 258
257 291
258 259
258 292
259 260
259 293
260 261
260 294
261 262
261 295
262 263
262 296
263 264
263 297
264 265
264 298
265 266
265 299
266 267
266 300
267 268
267 301
268 269
268 302
269 270
269 303
270 271
270 304
271 272
271 305
272 306
273 274
273 306
273 307
274 275
274 308
275 276
275 309
276 277
276 310
277 278
277 311
278 279
278 312
279 280
279 313
280 281
280 314
281 282
281 315
282 283
282 316
283 284
283 317
284 285
284 318
285 286
285 319
286 287
286 320
287 288
287 321
288 289
288 322
289 290
289 323
290 291
290 324
291 292
291 325
292 293
292 326
293 294
293 327
294 295
294 328
295 296
295 329
296 297
296 330
297 298
297 331
298 299
298 332
299 300
299 333
300 301
300 334
301 302
301 335
302 303
302 336
303 304
303 337
304 305
304 338
305 306
305 339
306 340
307 308
307 341
307 340
308 309
308 342
309 310
309 343
310 311
310 344
311 312
311 345
312 313
312 346
313 314
313 347
314 315
314 348
315 316
315 349
316 317
316 350
317 318
317 351
318 319
318 352
319 320
319 353
320 321
320 354
321 322
321 355
322 323
322 356
323 324
323 357
324 325
324 358
325 326
325 359
326 327
326 360
327 328
327 361
328 329
328 362
329 330
329 363
330 331
330 364
331 332
331 365
332 333
332 366
333 334
333 367
334 335
334 368
335 336
335 369
336 337
336 370
337 338
337 371
338 339
338 372
339 340
339 373
340 374
341 342
341 374
341 375
342 343
342 376
343 344
343 377
344 345
344 378
345 346
345 379
346 347
346 380
347 348
347 381
348 349
348 382
349 350
349 383
350 351
350 384
351 352
351 385
352 353
352 386
353 354
353 387
354 355
354 388
355 356
355 389
356 357
356 390
357 358
357 391
358 359
358 392
359 360
359 393
360 361
360 394
361 362
361 395
362 363
362 396
363 364
363 397
364 365
364 398
365 366
365 399
366 367
366 400
367 368
367 401
368 369
368 402
369 370
369 403
370 371
370 404
371 372
371 405
372 373
372 406
373 374
373 407
374 408
375 376
375 409
375 408
376 377
376 410
377 378
377 411
378 379
378 412
379 380
379 413
380 381
380 414
381 382
381 415
382 383
382 416
383 384
383 417
384 385
384 418
385 386
385 419
386 387
386 420
387 388
387 421
388 389
388 422
389 390
389 423
390 391
390 424
391 392
391 425
392 393
392 426
393 394
393 427
394 395
394 428
395 396
395 429
396 397
396 430
397 398
397 431
398 399
398 432
399 400
399 433
400 401
400 434
401 402
401 435
402 403
402 436
403 404
403 437
404 405
404 438
405 406
405 439
406 407
406 440
407 408
407 441
408 442
409 410
409 442
409 443
410 411
410 444
411 412
411 445
412 413
412 446
413 414
413 447
414 415
414 448
415 416
415 449
416 417
416 450
417 418
417 451
418 419
418 452
419 420
419 453
420 421
420 454
421 422
421 455
422 423
422 456
423 424
423 457
424 425
424 458
425 426
425 459
426 427
426 460
427 428
427 461
428 429
428 462
429 430
429 463
430 431
430 464
431 432
431 465
432 433
432 466
433 434
433 467
434 435
434 468
435 436
435 469
436 437
436 470
437 438
437 471
438 439
438 472
439 440
439 473
440 441
440 474
441 442
441 475
442 476
443 444
443 477
443 476
444 445
444 478
445 446
445 479
446 447
446 480
447 448
447 481
448 449
448 482
449 450
449 483
450 451
450 484
451 452
451 485
452 453
452 486
453 454
453 487
454 455
454 488
455 456
455 489
456 457
456 490
457 458
457 491
458 459
458 492
459 460
459 493
460 461
460 494
461 462
461 495
462 463
462 496
463 464
463 497
464 465
464 498
465 466
465 499
466 467
466 500
467 468
467 501
468 469
468 502
469 470
469 503
470 471
470 504
471 472
471 505
472 473
472 506
473 474
473 507
474 475
474 508
475 476
475 509
476 510
477 478
477 510
477 511
478 479
478 512
479 480
479 513
480 481
480 514
481 482
481 515
482 483
482 516
483 484
483 517
484 485
484 518
485 486
485 519
486 487
486 520
487 488
487 521
488 489
488 522
489 490
489 523
490 491
490 524
491 492
491 525
492 493
492 526
493 494
493 527
494 495
494 528
495 496
495 529
496 497
496 530
497 498
497 531
498 499
498 532
499 500
499 533
500 501
500 534
501 502
501 535
502 503
502 536
503 504
503 537
504 505
504 538
505 506
505 539
506 507
506 540
507 508
507 541
508 509
508 542
509 510
509 543
510 544
511 512
511 545
511 544
512 546
512 513
513 547
513 514
514 548
514 515
515 549
515 516
516 550
516 517
517 551
517 518
518 552
518 519
519 553
519 520
520 554
520 521
521 555
521 522
522 556
522 523
523 557
523 524
524 558
524 525
525 559
525 526
526 560
526 527
527 561
527 528
528 562
528 529
529 563
529 530
530 564
530 531
531 565
531 532
532 566
532 533
533 567
533 534
534 568
534 535
535 569
535 536
536 570
536 537
537 571
537 538
538 572
538 539
539 573
539 540
540 574
540 541
541 575
541 542
542 576
542 543
543 544
543 577
544 578
545 546
545 578
545 579
546 547
546 580
547 548
547 581
548 549
548 582
549 550
549 583
550 551
550 584
551 552
551 585
552 553
552 586
553 554
553 587
554 555
554 588
555 556
555 589
556 557
556 590
557 558
557 591
558 559
558 592
559 560
559 593
560 561
560 594
561 562
561 595
562 563
562 596
563 564
563 597
564 565
564 598
565 566
565 599
566 567
566 600
567 568
567 601
568 569
568 602
569 570
569 603
570 571
570 604
571 572
571 605
572 573
572 606
573 574
573 607
574 575
574 608
575 576
575 609
576 610
576 577
577 611
577 578
578 612
579 612
579 613
579 580
580 614
580 581
581 615
581 582
582 616
582 583
583 617
583 584
584 618
584 585
585 619
585 586
586 620
586 587
587 621
587 588
588 622
588 589
589 623
589 590
590 624
590 591
591 625
591 592
592 626
592 593
593 627
593 594
594 628
594 595
595 629
595 596
596 630
596 597
597 631
597 598
598 632
598 599
599 633
599 600
600 634
600 601
601 635
601 602
602 636
602 603
603 637
603 604
604 638
604 605
605 639
605 606
606 640
606 607
607 608
607 641
608 609
608 642
609 610
609 643
610 611
610 644
611 612
611 645
612 646
613 614
613 646
613 647
614 615
614 648
615 616
615 649
616 617
616 650
617 618
617 651
618 619
618 652
619 620
619 653
620 621
620 654
621 622
621 655
622 623
622 656
623 624
623 657
624 625
624 658
625 626
625 659
626 627
626 660
627 628
627 661
628 629
628 662
629 630
629 663
630 631
630 664
631 632
631 665
632 633
632 666
633 634
633 667
634 635
634 668
635 636
635 669
636 637
636 670
637 638
637 671
638 639
638 672
639 640
639 673
640 674
640 641
641 675
641 642
642 676
642 643
643 677
643 644
644 678
644 645
645 679
645 646
646 680
647 681
647 680
647 648
648 682
648 649
649 683
649 650
650 684
650 651
651 685
651 652
652 686
652 653
653 687
653 654
654 688
654 655
655 689
655 656
656 690
656 657
657 691
657 658
658 692
658 659
659 693
659 660
660 694
660 661
661 695
661 662
662 696
662 663
663 697
663 664
664 698
664 665
665 699
665 666
666 700
666 667
667 701
667 668
668 702
668 669
669 703
669 670
670 704
670 671
671 672
671 705
672 673
672 706
673 674
673 707
674 675
674 708
675 676
675 709
676 677
676 710
677 678
677 711
678 679
678 712
679 680
679 713
680 714
681 682
681 714
681 715
682 683
682 716
683 684
683 717
684 685
684 718
685 686
685 719
686 687
686 720
687 688
687 721
688 689
688 722
689 690
689 723
690 691
690 724
691 692
691 725
692 693
692 726
693 694
693 727
694 695
694 728
695 696
695 729
696 697
696 730
697 698
697 731
698 699
698 732
699 700
699 733
700 701
700 734
701 702
701 735
702 703
702 736
703 704
703 737
704 738
704 705
705 739
705 706
706 740
706 707
707 741
707 708
708 742
708 709
709 743
709 710
710 744
710 711
711 745
711 712
712 746
712 713
713 747
713 714
714 748
715 748
715 749
715 716
716 750
716 717
717 751
717 718
718 752
718 719
719 753
719 720
720 754
720 721
721 755
721 722
722 756
722 723
723 757
723 724
724 758
724 725
725 759
725 726
726 760
726 727
727 761
727 728
728 762
728 729
729 763
729 730
730 764
730 731
731 765
731 732
732 766
732 733
733 767
733 734
734 768
734 735
735 736
735 769
736 737
736 770
737 738
737 771
738 739
738 772
739 740
739 773
740 741
740 774
741 742
741 775
742 743
742 776
743 744
743 777
744 745
744 778
745 746
745 779
746 747
746 780
747 748
747 781
748 782
749 750
749 783
749 782
750 751
750 784
751 752
751 785
752 753
752 786
753 754
753 787
754 755
754 788
755 756
755 789
756 757
756 790
757 758
757 791
758 759
758 792
759 760
759 793
760 761
760 794
761 762
761 795
762 763
762 796
763 764
763 797
764 765
764 798
765 766
765 799
766 767
766 800
767 768
767 801
768 802
768 769
769 803
769 770
770 804
770 771
771 805
771 772
772 806
772 773
773 807
773 774
774 808
774 775
775 809
775 776
776 810
776 777
777 811
777 778
778 812
778 779
779 813
779 780
780 814
780 781
781 815
781 782
782 816
783 817
783 816
783 784
784 818
784 785
785 819
785 786
786 820
786 787
787 821
787 788
788 822
788 789
789 823
789 790
790 824
790 791
791 825
791 792
792 826
792 793
793 827
793 794
794 828
794 795
795 829
795 796
796 830
796 797
797 831
797 798
798 832
798 799
799 800
799 833
800 801
800 834
801 802
801 835
802 803
802 836
803 804
803 837
804 805
804 838
805 806
805 839
806 807
806 840
807 808
807 841
808 809
808 842
809 810
809 843
810 811
810 844
811 812
811 845
812 813
812 846
813 814
813 847
814 815
814 848
815 816
815 849
816 850
817 818
817 851
817 850
818 819
818 852
819 820
819 853
820 821
820 854
821 822
821 855
822 823
822 856
823 824
823 857
824 825
824 858
825 826
825 859
826 827
826 860
827 828
827 861
828 829
828 862
829 830
829 863
830 831
830 864
831 832
831 865
832 866
832 833
833 867
833 834
834 868
834 835
835 869
835 836
836 870
836 837
837 871
837 838
838 872
838 839
839 873
839 840
840 874
840 841
841 875
841 842
842 876
842 843
843 877
843 844
844 878
844 845
845 879
845 846
846 880
846 847
847 881
847 848
848 882
848 849
849 883
849 850
850 884
851 884
851 885
851 852
852 886
852 853
853 887
853 854
854 888
854 855
855 889
855 856
856 890
856 857
857 891
857 858
858 892
858 859
859 893
859 860
860 894
860 861
861 895
861 862
862 896
862 863
863 864
863 897
864 865
864 898
865 866
865 899
866 867
866 900
867 868
867 901
868 869
868 902
869 870
869 903
870 871
870 904
871 872
871 905
872 873
872 906
873 874
873 907
874 875
874 908
875 876
875 909
876 877
876 910
877 878
877 911
878 879
878 912
879 880
879 913
880 881
880 914
881 882
881 915
882 883
882 916
883 884
883 917
884 918
885 886
885 919
885 918
886 887
886 920
887 888
887 921
888 889
888 922
889 890
889 923
890 891
890 924
891 892
891 925
892 893
892 926
893 894
893 927
894 895
894 928
895 896
895 929
896 930
896 897
897 931
897 898
898 932
898 899
899 933
899 900
900 934
900 901
901 935
901 902
902 936
902 903
903 937
903 904
904 938
904 905
905 939
905 906
906 940
906 907
907 941
907 908
908 942
908 909
909 943
909 910
910 944
910 911
911 945
911 912
912 946
912 913
913 947
913 914
914 948
914 915
915 949
915 916
916 950
916 917
917 951
917 918
918 952
919 953
919 952
919 920
920 954
920 921
921 955
921 922
922 956
922 923
923 957
923 924
924 958
924 925
925 959
925 926
926 960
926 927
927 928
927 961
928 929
928 962
929 930
929 963
930 931
930 964
931 932
931 965
932 933
932 966
933 934
933 967
934 935
934 968
935 936
935 969
936 937
936 970
937 938
937 971
938 939
938 972
939 940
939 973
940 941
940 974
941 942
941 975
942 943
942 976
943 944
943 977
944 945
944 978
945 946
945 979
946 947
946 980
947 948
947 981
948 949
948 982
949 950
949 983
950 951
950 984
951 952
951 985
952 986
953 954
953 987
953 986
954 955
954 988
955 956
955 989
956 957
956 990
957 958
957 991
958 959
958 992
959 960
959 993
960 994
960 961
961 995
961 962
962 996
962 963
963 997
963 964
964 998
964 965
965 999
965 966
966 1000
966 967
967 1001
967 968
968 1002
968 969
969 1003
969 970
970 1004
970 971
971 1005
971 972
972 1006
972 973
973 1007
973 974
974 1008
974 975
975 1009
975 976
976 1010
976 977
977 1011
977 978
978 1012
978 979
979 1013
979 980
980 1014
980 981
981 1015
981 982
982 1016
982 983
983 1017
983 984
984 1018
984 985
985 1019
985 986
986 1020
987 1020
987 1021
987 988
988 1022
988 989
989 1023
989 990
990 1024
990 991
991 992
991 1025
992 993
992 1026
993 994
993 1027
994 995
994 1028
995 996
995 1029
996 997
996 1030
997 998
997 1031
998 999
998 1032
999 1000
999 1033
1000 1001
1000 1034
1001 1002
1001 1035
1002 1003
1002 1036
1003 1004
1003 1037
1004 1005
1004 1038
1005 1006
1005 1039
1006 1007
1006 1040
1007 1008
1007 1041
1008 1009
1008 1042
1009 1010
1009 1043
1010 1011
1010 1044
1011 1012
1011 1045
1012 1013
1012 1046
1013 1014
1013 1047
1014 1015
1014 1048
1015 1016
1015 1049
1016 1017
1016 1050
1017 1018
1017 1051
1018 1019
1018 1052
1019 1020
1019 1053
1020 1054
1021 1022
1021 1054
1021 1055
1022 1023
1022 1056
1023 1024
1023 1057
1024 1025
1024 1058
1025 1026
1025 1059
1026 1027
1026 1060
1027 1028
1027 1061
1028 1029
1028 1062
1029 1030
1029 1063
1030 1031
1030 1064
1031 1032
1031 1065
1032 1033
1032 1066
1033 1034
1033 1067
1034 1035
1034 1068
1035 1036
1035 1069
1036 1037
1036 1070
1037 1038
1037 1071
1038 1039
1038 1072
1039 1040
1039 1073
1040 1041
1040 1074
1041 1042
1041 1075
1042 1043
1042 1076
1043 1044
1043 1077
1044 1045
1044 1078
1045 1046
1045 1079
1046 1047
1046 1080
1047 1048
1047 1081
1048 1049
1048 1082
1049 1050
1049 1083
1050 1051
1050 1084
1051 1052
1051 1085
1052 1053
1052 1086
1053 1054
1053 1087
1054 1088
1055 1089
1055 1056
1055 1088
1056 1090
1056 1057
1057 1091
1057 1058
1058 1092
1058 1059
1059 1093
1059 1060
1060 1094
1060 1061
1061 1095
1061 1062
1062 1096
1062 1063
1063 1097
1063 1064
1064 1098
1064 1065
1065 1099
1065 1066
1066 1100
1066 1067
1067 1101
1067 1068
1068 1102
1068 1069
1069 1103
1069 1070
1070 1104
1070 1071
1071 1105
1071 1072
1072 1106
1072 1073
1073 1107
1073 1074
1074 1108
1074 1075
1075 1109
1075 1076
1076 1110
1076 1077
1077 1111
1077 1078
1078 1112
1078 1079
1079 1113
1079 1080
1080 1114
1080 1081
1081 1115
1081 1082
1082 1116
1082 1083
1083 1117
1083 1084
1084 1118
1084 1085
1085 1119
1085 1086
1086 1120
1086 1087
1087 1121
1087 1088
1088 1122
1089 1090
1089 1123
1089 1122
1090 1091
1090 1124
1091 1092
1091 1125
1092 1093
1092 1126
1093 1094
1093 1127
1094 1095
1094 1128
1095 1096
1095 1129
1096 1097
1096 1130
1097 1098
1097 1131
1098 1099
1098 1132
1099 1100
1099 1133
1100 1101
1100 1134
1101 1102
1101 1135
1102 1103
1102 1136
1103 1104
1103 1137
1104 1105
1104 1138
1105 1106
1105 1139
1106 1107
1106 1140
1107 1108
1107 1141
1108 1109
1108 1142
1109 1110
1109 1143
1110 1111
1110 1144
1111 1112
1111 1145
1112 1113
1112 1146
1113 1114
1113 1147
1114 1115
1114 1148
1115 1116
1115 1149
1116 1117
1116 1150
1117 1118
1117 1151
1118 1119
1118 1152
1119 1120
1119 1153
1120 1121
1120 1154
1121 1122
1121 1155
1122 1156
1123 1124
1123 1156
1124 1125
1125 1126
1126 1127
1127 1128
1128 1129
1129 1130
1130 1131
1131 1132
1132 1133
1133 1134
1134 1135
1135 1136
1136 1137
1137 1138
1138 1139
1139 1140
1140 1141
1141 1142
1142 1143
1143 1144
1144 1145
1145 1146
1146 1147
1147 1148
1148 1149
1149 1150
1150 1151
1151 1152
1152 1153
1153 1154
1154 1155
1155 1156
