
1521 1521 3042
1 2
1 39
1 40
1 1483
2 3
2 41
2 1484
3 4
3 42
3 1485
4 5
4 43
4 1486
5 6
5 44
5 1487
6 7
6 45
6 1488
7 8
7 46
7 1489
8 9
8 47
8 1490
9 10
9 48
9 1491
10 11
10 49
10 1492
11 12
11 50
11 1493
12 13
12 51
12 1494
13 14
13 52
13 1495
14 15
14 53
14 1496
15 16
15 54
15 1497
16 17
16 55
16 1498
17 18
17 56
17 1499
18 19
18 57
18 1500
19 20
19 58
19 1501
20 21
20 59
20 1502
21 22
21 60
21 1503
22 23
22 61
22 1504
23 24
23 62
23 1505
24 25
24 63
24 1506
25 26
25 64
25 1507
26 27
26 65
26 1508
27 28
27 66
27 1509
28 29
28 67
28 1510
29 30
29 68
29 1511
30 31
30 69
30 1512
31 32
31 70
31 1513
32 33
32 71
32 1514
33 34
33 72
33 1515
34 35
34 73
34 1516
35 36
35 74
35 1517
36 37
36 75
36 1518
37 38
37 76
37 1519
38 39
38 77
38 1520
39 78
39 1521
40 41
40 78
40 79
41 42
41 80
42 43
42 81
43 44
43 82
44 45
44 83
45 46
45 84
46 47
46 85
47 48
47 86
48 49
48 87
49 50
49 88
50 51
50 89
51 52
51 90
52 53
52 91
53 54
53 92
54 55
54 93
55 56
55 94
56 57
56 95
57 58
57 96
58 59
58 97
59 60
59 98
60 61
60 99
61 62
61 100
62 63
62 101
63 64
63 102
64 65
64 103
65 66
65 104
66 67
66 105
67 68
67 106
68 69
68 107
69 70
69 108
70 71
70 109
71 72
71 110
72 73
72 111
73 74
73 112
74 75
74 113
75 76
75 114
76 77
76 115
77 78
77 116
78 117
79 80
79 118
79 117
80 81
80 119
81 82
81 120
82 83
82 121
83 84
83 122
84 85
84 123
85 86
85 124
86 87
86 125
87 88
87 126
88 89
88 127
89 90
89 128
90 91
90 129
91 92
91 130
92 93
92 131
93 94
93 132
94 95
94 133
95 96
95 134
96 97
96 135
97 98
97 136
98 99
98 137
99 100
99 138
100 101
100 139
101 102
101 140
102 103
102 141
103 104
103 142
104 105
104 143
105 106
105 144
106 107
106 145
107 108
107 146
108 109
108 147
109 110
109 148
110 111
110 149
111 112
111 150
112 113
112 151
113 114
113 152
114 115
114 153
115 116
115 154
116 117
116 155
117 156
118 119
118 156
118 157
119 120
119 158
120 121
120 159
121 122
121 160
122 123
122 161
123 124
123 162
124 125
124 163
125 126
125 164
126 127
126 165
127 128
127 166
128 129
128 167
129 130
129 168
130 131
130 169
131 132
131 170
132 133
132 171
133 134
133 172
134 135
134 173
135 136
135 174
136 137
136 175
137 138
137 176
138 139
138 177
139 140
139 178
140 141
140 179
141 142
141 180
142 143
142 181
143 144
143 182
144 145
144 183
145 146
145 184
146 147
146 185
147 148
147 186
148 149
148 187
149 150
149 188
150 151
150 189
151 152
151 190
152 153
152 191
153 154
153 192
154 155
154 193
155 156
155 194
156 195
157 158
157 196
157 195
158 159
158 197
159 160
159 198
160 161
160 199
161 162
161 200
162 163
162 201
163 164
163 202
164 165
164 203
165 166
165 204
166 167
166 205
167 168
167 206
168 169
168 207
169 170
169 208
170 171
170 209
171 172
171 210
172 173
172 211
173 174
173 212
174 175
174 213
175 176
175 214
176 177
176 215
177 178
177 216
178 179
178 217
179 180
179 218
180 181
180 219
181 182
181 220
182 183
182 221
183 184
183 222
184 185
184 223
185 186
185 224
186 187
186 225
187 188
187 226
188 189
188 227
189 190
189 228
190 191
190 229
191 192
191 230
192 193
192 231
193 194
193 232
194 195
194 233
195 234
196 197
196 235
196 234
197 198
197 236
198 199
198 237
199 200
199 238
200 201
200 239
201 202
201 240
202 203
202 241
203 204
203 242
204 205
204 243
205 206
205 244
206 207
206 245
207 208
207 246
208 209
208 247
209 210
209 248
210 211
210 249
211 212
211 250
212 213
212 251
213 214
213 252
214 215
214 253
215 216
215 254
216 217
216 255
217 218
217 256
218 219
218 257
219 220
219 258
220 221
220 259
221 222
221 260
222 223
222 261
223 224
223 262
224 225
224 263
225 226
225 264
226 227
226 265
227 228
227 266
228 229
228 267
229 230
229 268
230 231
230 269
231 232
231 270
232 233
232 271
233 234
233 272
234 273
235 236
235 274
235 273
236 237
236 275
237 238
237 276
238 239
238 277
239 240
239 278
240 241
240 279
241 242
241 280
242 243
242 281
243 244
243 282
244 245
244 283
245 246
245 284
246 247
246 285
247 248
247 286
248 249
248 287
249 250
249 288
250 251
250 289
251 252
251 290
252 253
252 291
253 254
253 292
254 255
254 293
255 256
255 294
256 257
256 295
257 258
257 296
258 259
258 297
259 260
259 298
260 261
260 299
261 262
261 300
262 263
262 301
263 264
263 302
264 265
264 303
265 266
265 304
266 267
266 305
267 268
267 306
268 269
268 307
269 270
269 308
270 271
270 309
271 272
271 310
272 273
272 311
273 312
274 275
274 312
274 313
275 276
275 314
276 277
276 315
277 278
277 316
278 279
278 317
279 280
279 318
280 281
280 319
281 282
281 320
282 283
282 321
283 284
283 322
284 285
284 323
285 286
285 324
286 287
286 325
287 288
287 326
288 289
288 327
289 290
289 328
290 291
290 329
291 292
291 330
292 293
292 331
293 294
293 332
294 295
294 333
295 296
295 334
296 297
296 335
297 298
297 336
298 299
298 337
299 300
299 338
300 301
300 339
301 302
301 340
302 303
302 341
303 304
303 342
304 305
304 343
305 306
305 344
306 307
306 345
307 308
307 346
308 309
308 347
309 310
309 348
310 311
310 349
311 312
311 350
312 351
313 314
313 352
313 351
314 315
314 353
315 316
315 354
316 317
316 355
317 318
317 356
318 319
318 357
319 320
319 358
320 321
320 359
321 322
321 360
322 323
322 361
323 324
323 362
324 325
324 363
325 326
325 364
326 327
326 365
327 328
327 366
328 329
328 367
329 330
329 368
330 331
330 369
331 332
331 370
332 333
332 371
333 334
333 372
334 335
334 373
335 336
335 374
336 337
336 375
337 338
337 376
338 339
338 377
339 340
339 378
340 341
340 379
341 342
341 380
342 343
342 381
343 344
343 382
344 345
344 383
345 346
345 384
346 347
346 385
347 348
347 386
348 349
348 387
349 350
349 388
350 351
350 389
351 390
352 353
352 391
352 390
353 354
353 392
354 355
354 393
355 356
355 394
356 357
356 395
357 358
357 396
358 359
358 397
359 360
359 398
360 361
360 399
361 362
361 400
362 363
362 401
363 364
363 402
364 365
364 403
365 366
365 404
366 367
366 405
367 368
367 406
368 369
368 407
369 370
369 408
370 371
370 409
371 372
371 410
372 373
372 411
373 374
373 412
374 375
374 413
375 376
375 414
376 377
376 415
377 378
377 416
378 379
378 417
379 380
379 418
380 381
380 419
381 382
381 420
382 383
382 421
383 384
383 422
384 385
384 423
385 386
385 424
386 387
386 425
387 388
387 426
388 389
388 427
389 390
389 428
390 429
391 392
391 430
391 429
392 393
392 431
393 394
393 432
394 395
394 433
395 396
395 434
396 397
396 435
397 398
397 436
398 399
398 437
399 400
399 438
400 401
400 439
401 402
401 440
402 403
402 441
403 404
403 442
404 405
404 443
405 406
405 444
406 407
406 445
407 408
407 446
408 409
408 447
409 410
409 448
410 411
410 449
411 412
411 450
412 413
412 451
413 414
413 452
414 415
414 453
415 416
415 454
416 417
416 455
417 418
417 456
418 419
418 457
419 420
419 458
420 421
420 459
421 422
421 460
422 423
422 461
423 424
423 462
424 425
424 463
425 426
425 464
426 427
426 465
427 428
427 466
428 429
428 467
429 468
430 431
430 469
430 468
431 432
431 470
432 433
432 471
433 434
433 472
434 435
434 473
435 436
435 474
436 437
436 475
437 438
437 476
438 439
438 477
439 440
439 478
440 441
440 479
441 442
441 480
442 443
442 481
443 444
443 482
444 445
444 483
445 446
445 484
446 447
446 485
447 448
447 486
448 449
448 487
449 450
449 488
450 451
450 489
451 452
451 490
452 453
452 491
453 454
453 492
454 455
454 493
455 456
455 494
456 457
456 495
457 458
457 496
458 459
458 497
459 460
459 498
460 461
460 499
461 462
461 500
462 463
462 501
463 464
463 502
464 465
464 503
465 466
465 504
466 467
466 505
467 468
467 506
468 507
469 470
469 507
469 508
470 471
470 509
471 472
471 510
472 473
472 511
473 474
473 512
474 475
474 513
475 476
475 514
476 477
476 515
477 478
477 516
478 479
478 517
479 480
479 518
480 481
480 519
481 482
481 520
482 483
482 521
483 484
483 522
484 485
484 523
485 486
485 524
486 487
486 525
487 488
487 526
488 489
488 527
489 490
489 528
490 491
490 529
491 492
491 530
492 493
492 531
493 494
493 532
494 495
494 533
495 496
495 534
496 497
496 535
497 498
497 536
498 499
498 537
499 500
499 538
500 501
500 539
501 502
501 540
502 503
502 541
503 504
503 542
504 505
504 543
505 506
505 544
506 507
506 545
507 546
508 509
508 547
508 546
509 510
509 548
510 511
510 549
511 512
511 550
512 551
512 513
513 552
513 514
514 553
514 515
515 554
515 516
516 555
516 517
517 556
517 518
518 557
518 519
519 558
519 520
520 559
520 521
521 560
521 522
522 561
522 523
523 562
523 524
524 563
524 525
525 564
525 526
526 565
526 527
527 566
527 528
528 567
528 529
529 568
529 530
530 569
530 531
531 570
531 532
532 571
532 533
533 572
533 534
534 573
534 535
535 574
535 536
536 575
536 537
537 576
537 538
538 539
538 577
539 540
539 578
540 541
540 579
541 542
541 580
542 543
542 581
543 544
543 582
544 545
544 583
545 546
545 584
546 585
547 548
547 585
547 586
548 549
548 587
549 550
549 588
550 551
550 589
551 552
551 590
552 553
552 591
553 554
553 592
554 555
554 593
555 556
555 594
556 557
556 595
557 558
557 596
558 559
558 597
559 560
559 598
560 561
560 599
561 562
561 600
562 563
562 601
563 564
563 602
564 565
564 603
565 566
565 604
566 567
566 605
567 568
567 606
568 569
568 607
569 570
569 608
570 571
570 609
571 572
571 610
572 573
572 611
573 574
573 612
574 575
574 613
575 576
575 614
576 615
576 577
577 616
577 578
578 617
578 579
579 618
579 580
580 619
580 581
581 620
581 582
582 621
582 583
583 622
583 584
584 623
584 585
585 624
586 624
586 625
586 587
587 626
587 588
588 627
588 589
589 628
589 590
590 629
590 591
591 630
591 592
592 631
592 593
593 632
593 594
594 633
594 595
595 634
595 596
596 635
596 597
597 636
597 598
598 637
598 599
599 638
599 600
600 639
600 601
601 640
601 602
602 603
602 641
603 604
603 642
604 605
604 643
605 606
605 644
606 607
606 645
607 608
607 646
608 609
608 647
609 610
609 648
610 611
610 649
611 612
611 650
612 613
612 651
613 614
613 652
614 615
614 653
615 616
615 654
616 617
616 655
617 618
617 656
618 619
618 657
619 620
619 658
620 621
620 659
621 622
621 660
622 623
622 661
623 624
623 662
624 663
625 626
625 663
625 664
626 627
626 665
627 628
627 666
628 629
628 667
629 630
629 668
630 631
630 669
631 632
631 670
632 633
632 671
633 634
633 672
634 635
634 673
635 636
635 674
636 637
636 675
637 638
637 676
638 639
638 677
639 640
639 678
640 679
640 641
641 680
641 642
642 681
642 643
643 682
643 644
644 683
644 645
645 684
645 646
646 685
646 647
647 686
647 648
648 687
648 649
649 688
649 650
650 689
650 651
651 690
651 652
652 691
652 653
653 692
653 654
654 693
654 655
655 694
655 656
656 695
656 657
657 696
657 658
658 697
658 659
659 698
659 660
660 699
660 661
661 700
661 662
662 701
662 663
663 702
664 703
664 702
664 665
665 704
665 666
666 667
666 705
667 668
667 706
668 669
668 707
669 670
669 708
670 671
670 709
671 672
671 710
672 673
672 711
673 674
673 712
674 675
674 713
675 676
675 714
676 677
676 715
677 678
677 716
678 679
678 717
679 680
679 718
680 681
680 719
681 682
681 720
682 683
682 721
683 684
683 722
684 685
684 723
685 686
685 724
686 687
686 725
687 688
687 726
688 689
688 727
689 690
689 728
690 691
690 729
691 692
691 730
692 693
692 731
693 694
693 732
694 695
694 733
695 696
695 734
696 697
696 735
697 698
697 736
698 699
698 737
699 700
699 738
700 701
700 739
701 702
701 740
702 741
703 704
703 742
703 741
704 743
704 705
705 744
705 706
706 745
706 707
707 746
707 708
708 747
708 709
709 748
709 710
710 749
710 711
711 750
711 712
712 751
712 713
713 752
713 714
714 753
714 715
715 754
715 716
716 755
716 717
717 756
717 718
718 757
718 719
719 758
719 720
720 759
720 721
721 760
721 722
722 761
722 723
723 762
723 724
724 763
724 725
725 764
725 726
726 765
726 727
727 766
727 728
728 767
728 729
729 768
729 730
730 731
730 769
731 732
731 770
732 733
732 771
733 734
733 772
734 735
734 773
735 736
735 774
736 737
736 775
737 738
737 776
738 739
738 777
739 740
739 778
740 741
740 779
741 780
742 743
742 781
742 780
743 744
743 782
744 745
744 783
745 746
745 784
746 747
746 785
747 748
747 786
748 749
748 787
749 750
749 788
750 751
750 789
751 752
751 790
752 753
752 791
753 754
753 792
754 755
754 793
755 756
755 794
756 757
756 795
757 758
757 796
758 759
758 797
759 760
759 798
760 761
760 799
761 762
761 800
762 763
762 801
763 764
763 802
764 765
764 803
765 766
765 804
766 767
766 805
767 768
767 806
768 807
768 769
769 808
769 770
770 809
770 771
771 810
771 772
772 811
772 773
773 812
773 774
774 813
774 775
775 814
775 776
776 815
776 777
777 816
777 778
778 817
778 779
779 818
779 780
780 819
781 820
781 819
781 782
782 821
782 783
783 822
783 784
784 823
784 785
785 824
785 786
786 825
786 787
787 826
787 788
788 827
788 789
789 828
789 790
790 829
790 791
791 830
791 792
792 831
792 793
793 832
793 794
794 795
794 833
795 796
795 834
796 797
796 835
797 798
797 836
798 799
798 837
799 800
799 838
800 801
800 839
801 802
801 840
802 803
802 841
803 804
803 842
804 805
804 843
805 806
805 844
806 807
806 845
807 808
807 846
808 809
808 847
809 810
809 848
810 811
810 849
811 812
811 850
812 813
812 851
813 814
813 852
814 815
814 853
815 816
815 854
816 817
816 855
817 818
817 856
818 819
818 857
819 858
820 821
820 859
820 858
821 822
821 860
822 823
822 861
823 824
823 862
824 825
824 863
825 826
825 864
826 827
826 865
827 828
827 866
828 829
828 867
829 830
829 868
830 831
830 869
831 832
831 870
832 871
832 833
833 872
833 834
834 873
834 835
835 874
835 836
836 875
836 837
837 876
837 838
838 877
838 839
839 878
839 840
840 879
840 841
841 880
841 842
842 881
842 843
843 882
843 844
844 883
844 845
845 884
845 846
846 885
846 847
847 886
847 848
848 887
848 849
849 888
849 850
850 889
850 851
851 890
851 852
852 891
852 853
853 892
853 854
854 893
854 855
855 894
855 856
856 895
856 857
857 896
857 858
858 897
859 860
859 898
859 897
860 861
860 899
861 862
861 900
862 863
862 901
863 864
863 902
864 865
864 903
865 866
865 904
866 867
866 905
867 868
867 906
868 869
868 907
869 870
869 908
870 871
870 909
871 872
871 910
872 873
872 911
873 874
873 912
874 875
874 913
875 876
875 914
876 877
876 915
877 878
877 916
878 879
878 917
879 880
879 918
880 881
880 919
881 882
881 920
882 883
882 921
883 884
883 922
884 885
884 923
885 886
885 924
886 887
886 925
887 888
887 926
888 889
888 927
889 890
889 928
890 891
890 929
891 892
891 930
892 893
892 931
893 894
893 932
894 895
894 933
895 896
895 934
896 935
896 897
897 936
898 937
898 936
898 899
899 938
899 900
900 939
900 901
901 940
901 902
902 941
902 903
903 942
903 904
904 943
904 905
905 944
905 906
906 945
906 907
907 946
907 908
908 947
908 909
909 948
909 910
910 949
910 911
911 950
911 912
912 951
912 913
913 952
913 914
914 953
914 915
915 954
915 916
916 955
916 917
917 956
917 918
918 957
918 919
919 958
919 920
920 959
920 921
921 960
921 922
922 923
922 961
923 924
923 962
924 925
924 963
925 926
925 964
926 927
926 965
927 928
927 966
928 929
928 967
929 930
929 968
930 931
930 969
931 932
931 970
932 933
932 971
933 934
933 972
934 935
934 973
935 936
935 974
936 975
937 938
937 976
937 975
938 939
938 977
939 940
939 978
940 941
940 979
941 942
941 980
942 943
942 981
943 944
943 982
944 945
944 983
945 946
945 984
946 947
946 985
947 948
947 986
948 949
948 987
949 950
949 988
950 951
950 989
951 952
951 990
952 953
952 991
953 954
953 992
954 955
954 993
955 956
955 994
956 957
956 995
957 958
957 996
958 959
958 997
959 960
959 998
960 999
960 961
961 1000
961 962
962 1001
962 963
963 1002
963 964
964 1003
964 965
965 1004
965 966
966 1005
966 967
967 1006
967 968
968 1007
968 969
969 1008
969 970
970 1009
970 971
971 1010
971 972
972 1011
972 973
973 1012
973 974
974 1013
974 975
975 1014
976 1014
976 1015
976 977
977 1016
977 978
978 1017
978 979
979 1018
979 980
980 1019
980 981
981 1020
981 982
982 1021
982 983
983 1022
983 984
984 1023
984 985
985 1024
985 986
986 987
986 1025
987 988
987 1026
988 989
988 1027
989 990
989 1028
990 991
990 1029
991 992
991 1030
992 993
992 1031
993 994
993 1032
994 995
994 1033
995 996
995 1034
996 997
996 1035
997 998
997 1036
998 999
998 1037
999 1000
999 1038
1000 1001
1000 1039
1001 1002
1001 1040
1002 1003
1002 1041
1003 1004
1003 1042
1004 1005
1004 1043
1005 1006
1005 1044
1006 1007
1006 1045
1007 1008
1007 1046
1008 1009
1008 1047
1009 1010
1009 1048
1010 1011
1010 1049
1011 1012
1011 1050
1012 1013
1012 1051
1013 1014
1013 1052
1014 1053
1015 1016
1015 1054
1015 1053
1016 1017
1016 1055
1017 1018
1017 1056
1018 1019
1018 1057
1019 1020
1019 1058
1020 1021
1020 1059
1021 1022
1021 1060
1022 1023
1022 1061
1023 1024
1023 1062
1024 1025
1024 1063
1025 1026
1025 1064
1026 1027
1026 1065
1027 1028
1027 1066
1028 1029
1028 1067
1029 1030
1029 1068
1030 1031
1030 1069
1031 1032
1031 1070
1032 1033
1032 1071
1033 1034
1033 1072
1034 1035
1034 1073
1035 1036
1035 1074
1036 1037
1036 1075
1037 1038
1037 1076
1038 1039
1038 1077
1039 1040
1039 1078
1040 1041
1040 1079
1041 1042
1041 1080
1042 1043
1042 1081
1043 1044
1043 1082
1044 1045
1044 1083
1045 1046
1045 1084
1046 1047
1046 1085
1047 1048
1047 1086
1048 1049
1048 1087
1049 1050
1049 1088
1050 1089
1050 1051
1051 1090
1051 1052
1052 1091
1052 1053
1053 1092
1054 1093
1054 1092
1054 1055
1055 1094
1055 1056
1056 1095
1056 1057
1057 1096
1057 1058
1058 1097
1058 1059
1059 1098
1059 1060
1060 1099
1060 1061
1061 1100
1061 1062
1062 1101
1062 1063
1063 1102
1063 1064
1064 1103
1064 1065
1065 1104
1065 1066
1066 1105
1066 1067
1067 1106
1067 1068
1068 1107
1068 1069
1069 1108
1069 1070
1070 1109
1070 1071
1071 1110
1071 1072
1072 1111
1072 1073
1073 1112
1073 1074
1074 1113
1074 1075
1075 1114
1075 1076
1076 1115
1076 1077
1077 1116
1077 1078
1078 1117
1078 1079
1079 1118
1079 1080
1080 1119
1080 1081
1081 1120
1081 1082
1082 1121
1082 1083
1083 1122
1083 1084
1084 1123
1084 1085
1085 1124
1085 1086
1086 1125
1086 1087
1087 1126
1087 1088
1088 1089
1088 1127
1089 1090
1089 1128
1090 1091
1090 1129
1091 1092
1091 1130
1092 1131
1093 1094
1093 1131
1093 1132
1094 1095
1094 1133
1095 1096
1095 1134
1096 1097
1096 1135
1097 1098
1097 1136
1098 1099
1098 1137
1099 1100
1099 1138
1100 1101
1100 1139
1101 1102
1101 1140
1102 1103
1102 1141
1103 1104
1103 1142
1104 1105
1104 1143
1105 1106
1105 1144
1106 1107
1106 1145
1107 1108
1107 1146
1108 1109
1108 1147
1109 1110
1109 1148
1110 1111
1110 1149
1111 1112
1111 1150
1112 1113
1112 1151
1113 1114
1113 1152
1114 1115
1114 1153
1115 1116
1115 1154
1116 1117
1116 1155
1117 1118
1117 1156
1118 1119
1118 1157
1119 1120
1119 1158
1120 1121
1120 1159
1121 1122
1121 1160
1122 1123
1122 1161
1123 1124
1123 1162
1124 1125
1124 1163
1125 1126
1125 1164
1126 1127
1126 1165
1127 1128
1127 1166
1128 1129
1128 1167
1129 1130
1129 1168
1130 1131
1130 1169
1131 1170
1132 1133
1132 1170
1132 1171
1133 1134
1133 1172
1134 1135
1134 1173
1135 1136
1135 1174
1136 1137
1136 1175
1137 1138
1137 1176
1138 1139
1138 1177
1139 1140
1139 1178
1140 1141
1140 1179
1141 1142
1141 1180
1142 1143
1142 1181
1143 1144
1143 1182
1144 1145
1144 1183
1145 1146
1145 1184
1146 1147
1146 1185
1147 1148
1147 1186
1148 1149
1148 1187
1149 1150
1149 1188
1150 1151
1150 1189
1151 1152
1151 1190
1152 1153
1152 1191
1153 1154
1153 1192
1154 1155
1154 1193
1155 1156
1155 1194
1156 1157
1156 1195
1157 1158
1157 1196
1158 1159
1158 1197
1159 1160
1159 1198
1160 1161
1160 1199
1161 1162
1161 1200
1162 1163
1162 1201
1163 1164
1163 1202
1164 1165
1164 1203
1165 1166
1165 1204
1166 1167
1166 1205
1167 1168
1167 1206
1168 1169
1168 1207
1169 1170
1169 1208
1170 1209
1171 1172
1171 1209
1171 1210
1172 1173
1172 1211
1173 1174
1173 1212
1174 1175
1174 1213
1175 1176
1175 1214
1176 1177
1176 1215
1177 1178
1177 1216
1178 1217
1178 1179
1179 1218
1179 1180
1180 1219
1180 1181
1181 1220
1181 1182
1182 1221
1182 1183
1183 1222
1183 1184
1184 1223
1184 1185
1185 1224
1185 1186
1186 1225
1186 1187
1187 1226
1187 1188
1188 1227
1188 1189
1189 1228
1189 1190
1190 1229
1190 1191
1191 1230
1191 1192
1192 1231
1192 1193
1193 1232
1193 1194
1194 1233
1194 1195
1195 1234
1195 1196
1196 1235
1196 1197
1197 1236
1197 1198
1198 1237
1198 1199
1199 1238
1199 1200
1200 1239
1200 1201
1201 1240
1201 1202
1202 1241
1202 1203
1203 1242
1203 1204
1204 1243
1204 1205
1205 1244
1205 1206
1206 1245
1206 1207
1207 1246
1207 1208
1208 1247
1208 1209
1209 1248
1210 1248
1210 1249
1210 1211
1211 1250
1211 1212
1212 1251
1212 1213
1213 1252
1213 1214
1214 1253
1214 1215
1215 1254
1215 1216
1216 1217
1216 1255
1217 1218
1217 1256
1218 1219
1218 1257
1219 1220
1219 1258
1220 1221
1220 1259
1221 1222
1221 1260
1222 1223
1222 1261
1223 1224
1223 1262
1224 1225
1224 1263
1225 1226
1225 1264
1226 1227
1226 1265
1227 1228
1227 1266
1228 1229
1228 1267
1229 1230
1229 1268
1230 1231
1230 1269
1231 1232
1231 1270
1232 1233
1232 1271
1233 1234
1233 1272
1234 1235
1234 1273
1235 1236
1235 1274
1236 1237
1236 1275
1237 1238
1237 1276
1238 1239
1238 1277
1239 1240
1239 1278
1240 1241
1240 1279
1241 1242
1241 1280
1242 1243
1242 1281
1243 1244
1243 1282
1244 1245
1244 1283
1245 1246
1245 1284
1246 1247
1246 1285
1247 1248
1247 1286
1248 1287
1249 1250
1249 1287
1249 1288
1250 1251
1250 1289
1251 1252
1251 1290
1252 1253
1252 1291
1253 1254
1253 1292
1254 1255
1254 1293
1255 1256
1255 1294
1256 1257
1256 1295
1257 1258
1257 1296
1258 1259
1258 1297
1259 1260
1259 1298
1260 1261
1260 1299
1261 1262
1261 1300
1262 1263
1262 1301
1263 1264
1263 1302
1264 1265
1264 1303
1265 1266
1265 1304
1266 1267
1266 1305
1267 1268
1267 1306
1268 1269
1268 1307
1269 1270
1269 1308
1270 1271
1270 1309
1271 1272
1271 1310
1272 1273
1272 1311
1273 1274
1273 1312
1274 1275
1274 1313
1275 1276
1275 1314
1276 1277
1276 1315
1277 1278
1277 1316
1278 1279
1278 1317
1279 1280
1279 1318
1280 1281
1280 1319
1281 1282
1281 1320
1282 1283
1282 1321
1283 1284
1283 1322
1284 1285
1284 1323
1285 1286
1285 1324
1286 1287
1286 1325
1287 1326
1288 1289
1288 1326
1288 1327
1289 1290
1289 1328
1290 1291
1290 1329
1291 1292
1291 1330
1292 1293
1292 1331
1293 1294
1293 1332
1294 1295
1294 1333
1295 1296
1295 1334
1296 1297
1296 1335
1297 1298
1297 1336
1298 1299
1298 1337
1299 1300
1299 1338
1300 1301
1300 1339
1301 1302
1301 1340
1302 1303
1302 1341
1303 1304
1303 1342
1304 1305
1304 1343
1305 1306
1305 1344
1306 1345
1306 1307
1307 1346
1307 1308
1308 1347
1308 1309
1309 1348
1309 1310
1310 1349
1310 1311
1311 1350
1311 1312
1312 1351
1312 1313
1313 1352
1313 1314
1314 1353
1314 1315
1315 1354
1315 1316
1316 1355
1316 1317
1317 1356
1317 1318
1318 1357
1318 1319
1319 1358
1319 1320
1320 1359
1320 1321
1321 1360
1321 1322
1322 1361
1322 1323
1323 1362
1323 1324
1324 1363
1324 1325
1325 1364
1325 1326
1326 1365
1327 1366
1327 1365
1327 1328
1328 1367
1328 1329
1329 1368
1329 1330
1330 1369
1330 1331
1331 1370
1331 1332
1332 1371
1332 1333
1333 1372
1333 1334
1334 1373
1334 1335
1335 1374
1335 1336
1336 1375
1336 1337
1337 1376
1337 1338
1338 1377
1338 1339
1339 1378
1339 1340
1340 1379
1340 1341
1341 1380
1341 1342
1342 1381
1342 1343
1343 1382
1343 1344
1344 1345
1344 1383
1345 1346
1345 1384
1346 1347
1346 1385
1347 1348
1347 1386
1348 1349
1348 1387
1349 1350
1349 1388
1350 1351
1350 1389
1351 1352
1351 1390
1352 1353
1352 1391
1353 1354
1353 1392
1354 1355
1354 1393
1355 1356
1355 1394
1356 1357
1356 1395
1357 1358
1357 1396
1358 1359
1358 1397
1359 1360
1359 1398
1360 1361
1360 1399
1361 1362
1361 1400
1362 1363
1362 1401
1363 1364
1363 1402
1364 1365
1364 1403
1365 1404
1366 1367
1366 1405
1366 1404
1367 1368
1367 1406
1368 1369
1368 1407
1369 1370
1369 1408
1370 1371
1370 1409
1371 1372
1371 1410
1372 1373
1372 1411
1373 1374
1373 1412
1374 1375
1374 1413
1375 1376
1375 1414
1376 1377
1376 1415
1377 1378
1377 1416
1378 1379
1378 1417
1379 1380
1379 1418
1380 1381
1380 1419
1381 1382
1381 1420
1382 1383
1382 1421
1383 1384
1383 1422
1384 1385
1384 1423
1385 1386
1385 1424
1386 1387
1386 1425
1387 1388
1387 1426
1388 1389
1388 1427
1389 1390
1389 1428
1390 1391
1390 1429
1391 1392
1391 1430
1392 1393
1392 1431
1393 1394
1393 1432
1394 1395
1394 1433
1395 1396
1395 1434
1396 1397
1396 1435
1397 1398
1397 1436
1398 1399
1398 1437
1399 1400
1399 1438
1400 1401
1400 1439
1401 1402
1401 1440
1402 1403
1402 1441
1403 1404
1403 1442
1404 1443
1405 1406
1405 1444
1405 1443
1406 1407
1406 1445
1407 1408
1407 1446
1408 1409
1408 1447
1409 1410
1409 1448
1410 1411
1410 1449
1411 1412
1411 1450
1412 1413
1412 1451
1413 1414
1413 1452
1414 1415
1414 1453
1415 1416
1415 1454
1416 1417
1416 1455
1417 1418
1417 1456
1418 1419
1418 1457
1419 1420
1419 1458
1420 1421
1420 1459
1421 1422
1421 1460
1422 1423
1422 1461
1423 1424
1423 1462
1424 1425
1424 1463
1425 1426
1425 1464
1426 1427
1426 1465
1427 1428
1427 1466
1428 1429
1428 1467
1429 1430
1429 1468
1430 1431
1430 1469
1431 1432
1431 1470
1432 1433
1432 1471
1433 1434
1433 1472
1434 1473
1434 1435
1435 1474
1435 1436
1436 1475
1436 1437
1437 1476
1437 1438
1438 1477
1438 1439
1439 1478
1439 1440
1440 1479
1440 1441
1441 1480
1441 1442
1442 1481
1442 1443
1443 1482
1444 1483
1444 1482
1444 1445
1445 1484
1445 1446
1446 1485
1446 1447
1447 1486
1447 1448
1448 1487
1448 1449
1449 1488
1449 1450
1450 1489
1450 1451
1451 1490
1451 1452
1452 1491
1452 1453
1453 1492
1453 1454
1454 1493
1454 1455
1455 1494
1455 1456
1456 1495
1456 1457
1457 1496
1457 1458
1458 1497
1458 1459
1459 1498
1459 1460
1460 1499
1460 1461
1461 1500
1461 1462
1462 1501
1462 1463
1463 1502
1463 1464
1464 1503
1464 1465
1465 1504
1465 1466
1466 1505
1466 1467
1467 1506
1467 1468
1468 1507
1468 1469
1469 1508
1469 1470
1470 1509
1470 1471
1471 1510
1471 1472
1472 1473
1472 1511
1473 1474
1473 1512
1474 1475
1474 1513
1475 1476
1475 1514
1476 1477
1476 1515
1477 1478
1477 1516
1478 1479
1478 1517
1479 1480
1479 1518
1480 1481
1480 1519
1481 1482
1481 1520
1482 1521
1483 1484
1483 1521
1484 1485
1485 1486
1486 1487
1487 1488
1488 1489
1489 1490
1490 1491
1491 1492
1492 1493
1493 1494
1494 1495
1495 1496
1496 1497
1497 1498
1498 1499
1499 1500
1500 1501
1501 1502
1502 1503
1503 1504
1504 1505
1505 1506
1506 1507
1507 1508
1508 1509
1509 1510
1510 1511
1511 1512
1512 1513
1513 1514
1514 1515
1515 1516
1516 1517
1517 1518
1518 1519
1519 1520
1520 1521
