
841 841 1682
1 2
1 30
1 29
1 813
2 3
2 31
2 814
3 4
3 32
3 815
4 5
4 33
4 816
5 6
5 34
5 817
6 7
6 35
6 818
7 8
7 36
7 819
8 9
8 37
8 820
9 10
9 38
9 821
10 11
10 39
10 822
11 12
11 40
11 823
12 13
12 41
12 824
13 14
13 42
13 825
14 15
14 43
14 826
15 16
15 44
15 827
16 17
16 45
16 828
17 18
17 46
17 829
18 19
18 47
18 830
19 20
19 48
19 831
20 21
20 49
20 832
21 22
21 50
21 833
22 23
22 51
22 834
23 24
23 52
23 835
24 25
24 53
24 836
25 26
25 54
25 837
26 27
26 55
26 838
27 28
27 56
27 839
28 29
28 57
28 840
29 58
29 841
30 31
30 59
30 58
31 32
31 60
32 33
32 61
33 34
33 62
34 35
34 63
35 36
35 64
36 37
36 65
37 38
37 66
38 39
38 67
39 40
39 68
40 41
40 69
41 42
41 70
42 43
42 71
43 44
43 72
44 45
44 73
45 46
45 74
46 47
46 75
47 48
47 76
48 49
48 77
49 50
49 78
50 51
50 79
51 52
51 80
52 53
52 81
53 54
53 82
54 55
54 83
55 56
55 84
56 57
56 85
57 58
57 86
58 87
59 60
59 88
59 87
60 61
60 89
61 62
61 90
62 63
62 91
63 64
63 92
64 65
64 93
65 66
65 94
66 67
66 95
67 68
67 96
68 69
68 97
69 70
69 98
70 71
70 99
71 72
71 100
72 73
72 101
73 74
73 102
74 75
74 103
75 76
75 104
76 77
76 105
77 78
77 106
78 79
78 107
79 80
79 108
80 81
80 109
81 82
81 110
82 83
82 111
83 84
83 112
84 85
84 113
85 86
85 114
86 87
86 115
87 116
88 89
88 117
88 116
89 90
89 118
90 91
90 119
91 92
91 120
92 93
92 121
93 94
93 122
94 95
94 123
95 96
95 124
96 97
96 125
97 98
97 126
98 99
98 127
99 100
99 128
100 101
100 129
101 102
101 130
102 103
102 131
103 104
103 132
104 105
104 133
105 106
105 134
106 107
106 135
107 108
107 136
108 109
108 137
109 110
109 138
110 111
110 139
111 112
111 140
112 113
112 141
113 114
113 142
114 115
114 143
115 116
115 144
116 145
117 118
117 145
117 146
118 119
118 147
119 120
119 148
120 121
120 149
121 122
121 150
122 123
122 151
123 124
123 152
124 125
124 153
125 126
125 154
126 127
126 155
127 128
127 156
128 129
128 157
129 130
129 158
130 131
130 159
131 132
131 160
132 133
132 161
133 134
133 162
134 135
134 163
135 136
135 164
136 137
136 165
137 138
137 166
138 139
138 167
139 140
139 168
140 141
140 169
141 142
141 170
142 143
142 171
143 144
143 172
144 145
144 173
145 174
146 147
146 175
146 174
147 148
147 176
148 149
148 177
149 150
149 178
150 151
150 179
151 152
151 180
152 153
152 181
153 154
153 182
154 155
154 183
155 156
155 184
156 157
156 185
157 158
157 186
158 159
158 187
159 160
159 188
160 161
160 189
161 162
161 190
162 163
162 191
163 164
163 192
164 165
164 193
165 166
165 194
166 167
166 195
167 168
167 196
168 169
168 197
169 170
169 198
170 171
170 199
171 172
171 200
172 173
172 201
173 174
173 202
174 203
175 176
175 204
175 203
176 177
176 205
177 178
177 206
178 179
178 207
179 180
179 208
180 181
180 209
181 182
181 210
182 183
182 211
183 184
183 212
184 185
184 213
185 186
185 214
186 187
186 215
187 188
187 216
188 189
188 217
189 190
189 218
190 191
190 219
191 192
191 220
192 193
192 221
193 194
193 222
194 195
194 223
195 196
195 224
196 197
196 225
197 198
197 226
198 199
198 227
199 200
199 228
200 201
200 229
201 202
201 230
202 203
202 231
203 232
204 205
204 233
204 232
205 206
205 234
206 207
206 235
207 208
207 236
208 209
208 237
209 210
209 238
210 211
210 239
211 212
211 240
212 213
212 241
213 214
213 242
214 215
214 243
215 216
215 244
216 217
216 245
217 218
217 246
218 219
218 247
219 220
219 248
220 221
220 249
221 222
221 250
222 223
222 251
223 224
223 252
224 225
224 253
225 226
225 254
226 227
226 255
227 228
227 256
228 229
228 257
229 230
229 258
230 231
230 259
231 232
231 260
232 261
233 234
233 261
233 262
234 235
234 263
235 236
235 264
236 237
236 265
237 238
237 266
238 239
238 267
239 240
239 268
240 241
240 269
241 242
241 270
242 243
242 271
243 244
243 272
244 245
244 273
245 246
245 274
246 247
246 275
247 248
247 276
248 249
248 277
249 250
249 278
250 251
250 279
251 252
251 280
252 253
252 281
253 254
253 282
254 255
254 283
255 256
255 284
256 285
256 257
257 286
257 258
258 287
258 259
259 288
259 260
260 261
260 289
261 290
262 263
262 290
262 291
263 264
263 292
264 265
264 293
265 266
265 294
266 267
266 295
267 268
267 296
268 269
268 297
269 270
269 298
270 271
270 299
271 272
271 300
272 273
272 301
273 274
273 302
274 275
274 303
275 276
275 304
276 277
276 305
277 278
277 306
278 279
278 307
279 280
279 308
280 281
280 309
281 282
281 310
282 283
282 311
283 284
283 312
284 285
284 313
285 286
285 314
286 287
286 315
287 288
287 316
288 317
288 289
289 318
289 290
290 319
291 320
291 319
291 292
292 293
292 321
293 294
293 322
294 295
294 323
295 296
295 324
296 297
296 325
297 298
297 326
298 299
298 327
299 300
299 328
300 301
300 329
301 302
301 330
302 303
302 331
303 304
303 332
304 305
304 333
305 306
305 334
306 307
306 335
307 308
307 336
308 309
308 337
309 310
309 338
310 311
310 339
311 312
311 340
312 313
312 341
313 314
313 342
314 315
314 343
315 316
315 344
316 317
316 345
317 318
317 346
318 319
318 347
319 348
320 349
320 348
320 321
321 350
321 322
322 351
322 323
323 352
323 324
324 325
324 353
325 326
325 354
326 327
326 355
327 328
327 356
328 329
328 357
329 330
329 358
330 331
330 359
331 332
331 360
332 333
332 361
333 334
333 362
334 335
334 363
335 336
335 364
336 337
336 365
337 338
337 366
338 339
338 367
339 340
339 368
340 341
340 369
341 342
341 370
342 343
342 371
343 344
343 372
344 345
344 373
345 346
345 374
346 347
346 375
347 348
347 376
348 377
349 350
349 378
349 377
350 351
350 379
351 352
351 380
352 381
352 353
353 382
353 354
354 383
354 355
355 384
355 356
356 357
356 385
357 358
357 386
358 359
358 387
359 360
359 388
360 361
360 389
361 362
361 390
362 363
362 391
363 364
363 392
364 365
364 393
365 366
365 394
366 367
366 395
367 368
367 396
368 369
368 397
369 370
369 398
370 371
370 399
371 372
371 400
372 373
372 401
373 374
373 402
374 375
374 403
375 376
375 404
376 377
376 405
377 406
378 379
378 407
378 406
379 380
379 408
380 381
380 409
381 382
381 410
382 383
382 411
383 384
383 412
384 413
384 385
385 414
385 386
386 415
386 387
387 416
387 388
388 389
388 417
389 390
389 418
390 391
390 419
391 392
391 420
392 393
392 421
393 394
393 422
394 395
394 423
395 396
395 424
396 397
396 425
397 398
397 426
398 399
398 427
399 400
399 428
400 401
400 429
401 402
401 430
402 403
402 431
403 404
403 432
404 405
404 433
405 406
405 434
406 435
407 408
407 435
407 436
408 409
408 437
409 410
409 438
410 411
410 439
411 412
411 440
412 413
412 441
413 414
413 442
414 415
414 443
415 416
415 444
416 445
416 417
417 446
417 418
418 447
418 419
419 448
419 420
420 421
420 449
421 422
421 450
422 423
422 451
423 424
423 452
424 425
424 453
425 426
425 454
426 427
426 455
427 428
427 456
428 429
428 457
429 430
429 458
430 431
430 459
431 432
431 460
432 433
432 461
433 434
433 462
434 435
434 463
435 464
436 437
436 465
436 464
437 438
437 466
438 439
438 467
439 440
439 468
440 441
440 469
441 442
441 470
442 443
442 471
443 444
443 472
444 445
444 473
445 446
445 474
446 447
446 475
447 448
447 476
448 477
448 449
449 478
449 450
450 479
450 451
451 480
451 452
452 453
452 481
453 454
453 482
454 455
454 483
455 456
455 484
456 457
456 485
457 458
457 486
458 459
458 487
459 460
459 488
460 461
460 489
461 462
461 490
462 463
462 491
463 464
463 492
464 493
465 466
465 494
465 493
466 467
466 495
467 468
467 496
468 469
468 497
469 470
469 498
470 471
470 499
471 472
471 500
472 473
472 501
473 474
473 502
474 475
474 503
475 476
475 504
476 477
476 505
477 478
477 506
478 479
478 507
479 480
479 508
480 509
480 481
481 510
481 482
482 511
482 483
483 512
483 484
484 485
484 513
485 486
485 514
486 487
486 515
487 488
487 516
488 489
488 517
489 490
489 518
490 491
490 519
491 492
491 520
492 493
492 521
493 522
494 495
494 522
494 523
495 496
495 524
496 497
496 525
497 498
497 526
498 499
498 527
499 500
499 528
500 501
500 529
501 502
501 530
502 503
502 531
503 504
503 532
504 505
504 533
505 506
505 534
506 507
506 535
507 508
507 536
508 509
508 537
509 510
509 538
510 511
510 539
511 512
511 540
512 513
512 541
513 514
513 542
514 515
514 543
515 516
515 544
516 545
516 517
517 546
517 518
518 547
518 519
519 548
519 520
520 549
520 521
521 550
521 522
522 551
523 551
523 552
523 524
524 553
524 525
525 554
525 526
526 555
526 527
527 556
527 528
528 557
528 529
529 558
529 530
530 559
530 531
531 560
531 532
532 561
532 533
533 562
533 534
534 563
534 535
535 564
535 536
536 565
536 537
537 566
537 538
538 567
538 539
539 568
539 540
540 569
540 541
541 570
541 542
542 571
542 543
543 572
543 544
544 545
544 573
545 546
545 574
546 547
546 575
547 548
547 576
548 549
548 577
549 550
549 578
550 551
550 579
551 580
552 553
552 580
552 581
553 554
553 582
554 555
554 583
555 556
555 584
556 557
556 585
557 558
557 586
558 559
558 587
559 560
559 588
560 561
560 589
561 562
561 590
562 563
562 591
563 564
563 592
564 565
564 593
565 566
565 594
566 567
566 595
567 568
567 596
568 569
568 597
569 570
569 598
570 571
570 599
571 572
571 600
572 573
572 601
573 574
573 602
574 575
574 603
575 576
575 604
576 577
576 605
577 578
577 606
578 579
578 607
579 580
579 608
580 609
581 609
581 610
581 582
582 611
582 583
583 612
583 584
584 613
584 585
585 614
585 586
586 615
586 587
587 616
587 588
588 617
588 589
589 618
589 590
590 619
590 591
591 620
591 592
592 621
592 593
593 622
593 594
594 623
594 595
595 624
595 596
596 625
596 597
597 626
597 598
598 627
598 599
599 628
599 600
600 629
600 601
601 630
601 602
602 631
602 603
603 632
603 604
604 633
604 605
605 634
605 606
606 635
606 607
607 636
607 608
608 609
608 637
609 638
610 611
610 639
610 638
611 612
611 640
612 613
612 641
613 614
613 642
614 615
614 643
615 616
615 644
616 617
616 645
617 618
617 646
618 619
618 647
619 620
619 648
620 621
620 649
621 622
621 650
622 623
622 651
623 624
623 652
624 625
624 653
625 626
625 654
626 627
626 655
627 628
627 656
628 629
628 657
629 630
629 658
630 631
630 659
631 632
631 660
632 633
632 661
633 634
633 662
634 635
634 663
635 636
635 664
636 637
636 665
637 638
637 666
638 667
639 640
639 667
639 668
640 641
640 669
641 642
641 670
642 643
642 671
643 644
643 672
644 673
644 645
645 674
645 646
646 675
646 647
647 676
647 648
648 677
648 649
649 678
649 650
650 679
650 651
651 680
651 652
652 681
652 653
653 682
653 654
654 683
654 655
655 684
655 656
656 685
656 657
657 686
657 658
658 687
658 659
659 688
659 660
660 689
660 661
661 690
661 662
662 691
662 663
663 692
663 664
664 693
664 665
665 694
665 666
666 695
666 667
667 696
668 697
668 696
668 669
669 698
669 670
670 699
670 671
671 700
671 672
672 673
672 701
673 674
673 702
674 675
674 703
675 676
675 704
676 677
676 705
677 678
677 706
678 679
678 707
679 680
679 708
680 681
680 709
681 682
681 710
682 683
682 711
683 684
683 712
684 685
684 713
685 686
685 714
686 687
686 715
687 688
687 716
688 689
688 717
689 690
689 718
690 691
690 719
691 692
691 720
692 693
692 721
693 694
693 722
694 695
694 723
695 696
695 724
696 725
697 698
697 725
697 726
698 699
698 727
699 700
699 728
700 701
700 729
701 702
701 730
702 703
702 731
703 704
703 732
704 705
704 733
705 706
705 734
706 707
706 735
707 708
707 736
708 737
708 709
709 738
709 710
710 739
710 711
711 740
711 712
712 741
712 713
713 742
713 714
714 743
714 715
715 744
715 716
716 745
716 717
717 746
717 718
718 747
718 719
719 748
719 720
720 749
720 721
721 750
721 722
722 751
722 723
723 752
723 724
724 753
724 725
725 754
726 755
726 754
726 727
727 756
727 728
728 757
728 729
729 758
729 730
730 759
730 731
731 760
731 732
732 761
732 733
733 762
733 734
734 763
734 735
735 764
735 736
736 737
736 765
737 738
737 766
738 739
738 767
739 740
739 768
740 741
740 769
741 742
741 770
742 743
742 771
743 744
743 772
744 745
744 773
745 746
745 774
746 747
746 775
747 748
747 776
748 749
748 777
749 750
749 778
750 751
750 779
751 752
751 780
752 753
752 781
753 754
753 782
754 783
755 756
755 783
755 784
756 757
756 785
757 758
757 786
758 759
758 787
759 760
759 788
760 761
760 789
761 762
761 790
762 763
762 791
763 764
763 792
764 765
764 793
765 766
765 794
766 767
766 795
767 768
767 796
768 797
768 769
769 798
769 770
770 799
770 771
771 800
771 772
772 801
772 773
773 802
773 774
774 803
774 775
775 804
775 776
776 805
776 777
777 806
777 778
778 807
778 779
779 808
779 780
780 809
780 781
781 810
781 782
782 811
782 783
783 812
784 813
784 812
784 785
785 814
785 786
786 815
786 787
787 816
787 788
788 817
788 789
789 818
789 790
790 819
790 791
791 820
791 792
792 821
792 793
793 822
793 794
794 823
794 795
795 824
795 796
796 825
796 797
797 826
797 798
798 827
798 799
799 828
799 800
800 829
800 801
801 830
801 802
802 831
802 803
803 832
803 804
804 805
804 833
805 806
805 834
806 807
806 835
807 808
807 836
808 809
808 837
809 810
809 838
810 811
810 839
811 812
811 840
812 841
813 814
813 841
814 815
815 816
816 817
817 818
818 819
819 820
820 821
821 822
822 823
823 824
824 825
825 826
826 827
827 828
828 829
829 830
830 831
831 832
832 833
833 834
834 835
835 836
836 837
837 838
838 839
839 840
840 841
