
1225 1225 2450
1 2
1 35
1 36
1 1191
2 3
2 37
2 1192
3 4
3 38
3 1193
4 5
4 39
4 1194
5 6
5 40
5 1195
6 7
6 41
6 1196
7 8
7 42
7 1197
8 9
8 43
8 1198
9 10
9 44
9 1199
10 11
10 45
10 1200
11 12
11 46
11 1201
12 13
12 47
12 1202
13 14
13 48
13 1203
14 15
14 49
14 1204
15 16
15 50
15 1205
16 17
16 51
16 1206
17 18
17 52
17 1207
18 19
18 53
18 1208
19 20
19 54
19 1209
20 21
20 55
20 1210
21 22
21 56
21 1211
22 23
22 57
22 1212
23 24
23 58
23 1213
24 25
24 59
24 1214
25 26
25 60
25 1215
26 27
26 61
26 1216
27 28
27 62
27 1217
28 29
28 63
28 1218
29 30
29 64
29 1219
30 31
30 65
30 1220
31 32
31 66
31 1221
32 33
32 67
32 1222
33 34
33 68
33 1223
34 35
34 69
34 1224
35 70
35 1225
36 37
36 70
36 71
37 38
37 72
38 39
38 73
39 40
39 74
40 41
40 75
41 42
41 76
42 43
42 77
43 44
43 78
44 45
44 79
45 46
45 80
46 47
46 81
47 48
47 82
48 49
48 83
49 50
49 84
50 51
50 85
51 52
51 86
52 53
52 87
53 54
53 88
54 55
54 89
55 56
55 90
56 57
56 91
57 58
57 92
58 59
58 93
59 60
59 94
60 61
60 95
61 62
61 96
62 63
62 97
63 64
63 98
64 65
64 99
65 66
65 100
66 67
66 101
67 68
67 102
68 69
68 103
69 70
69 104
70 105
71 72
71 105
71 106
72 73
72 107
73 74
73 108
74 75
74 109
75 76
75 110
76 77
76 111
77 78
77 112
78 79
78 113
79 80
79 114
80 81
80 115
81 82
81 116
82 83
82 117
83 84
83 118
84 85
84 119
85 86
85 120
86 87
86 121
87 88
87 122
88 89
88 123
89 90
89 124
90 91
90 125
91 92
91 126
92 93
92 127
93 94
93 128
94 95
94 129
95 96
95 130
96 97
96 131
97 98
97 132
98 99
98 133
99 100
99 134
100 101
100 135
101 102
101 136
102 103
102 137
103 104
103 138
104 105
104 139
105 140
106 107
106 140
106 141
107 108
107 142
108 109
108 143
109 110
109 144
110 111
110 145
111 112
111 146
112 113
112 147
113 114
113 148
114 115
114 149
115 116
115 150
116 117
116 151
117 118
117 152
118 119
118 153
119 120
119 154
120 121
120 155
121 122
121 156
122 123
122 157
123 124
123 158
124 125
124 159
125 126
125 160
126 127
126 161
127 128
127 162
128 129
128 163
129 130
129 164
130 131
130 165
131 132
131 166
132 133
132 167
133 134
133 168
134 135
134 169
135 136
135 170
136 137
136 171
137 138
137 172
138 139
138 173
139 140
139 174
140 175
141 142
141 176
141 175
142 143
142 177
143 144
143 178
144 145
144 179
145 146
145 180
146 147
146 181
147 148
147 182
148 149
148 183
149 150
149 184
150 151
150 185
151 152
151 186
152 153
152 187
153 154
153 188
154 155
154 189
155 156
155 190
156 157
156 191
157 158
157 192
158 159
158 193
159 160
159 194
160 161
160 195
161 162
161 196
162 163
162 197
163 164
163 198
164 165
164 199
165 166
165 200
166 167
166 201
167 168
167 202
168 169
168 203
169 170
169 204
170 171
170 205
171 172
171 206
172 173
172 207
173 174
173 208
174 175
174 209
175 210
176 177
176 210
176 211
177 178
177 212
178 179
178 213
179 180
179 214
180 181
180 215
181 182
181 216
182 183
182 217
183 184
183 218
184 185
184 219
185 186
185 220
186 187
186 221
187 188
187 222
188 189
188 223
189 190
189 224
190 191
190 225
191 192
191 226
192 193
192 227
193 194
193 228
194 195
194 229
195 196
195 230
196 197
196 231
197 198
197 232
198 199
198 233
199 200
199 234
200 201
200 235
201 202
201 236
202 203
202 237
203 204
203 238
204 205
204 239
205 206
205 240
206 207
206 241
207 208
207 242
208 209
208 243
209 210
209 244
210 245
211 212
211 245
211 246
212 213
212 247
213 214
213 248
214 215
214 249
215 216
215 250
216 217
216 251
217 218
217 252
218 219
218 253
219 220
219 254
220 221
220 255
221 222
221 256
222 223
222 257
223 224
223 258
224 225
224 259
225 226
225 260
226 227
226 261
227 228
227 262
228 229
228 263
229 230
229 264
230 231
230 265
231 232
231 266
232 233
232 267
233 234
233 268
234 235
234 269
235 236
235 270
236 237
236 271
237 238
237 272
238 239
238 273
239 240
239 274
240 241
240 275
241 242
241 276
242 243
242 277
243 244
243 278
244 245
244 279
245 280
246 247
246 280
246 281
247 248
247 282
248 249
248 283
249 250
249 284
250 251
250 285
251 252
251 286
252 253
252 287
253 254
253 288
254 255
254 289
255 256
255 290
256 257
256 291
257 258
257 292
258 259
258 293
259 260
259 294
260 261
260 295
261 262
261 296
262 263
262 297
263 264
263 298
264 265
264 299
265 266
265 300
266 267
266 301
267 268
267 302
268 269
268 303
269 270
269 304
270 271
270 305
271 272
271 306
272 273
272 307
273 274
273 308
274 275
274 309
275 276
275 310
276 277
276 311
277 278
277 312
278 279
278 313
279 280
279 314
280 315
281 282
281 316
281 315
282 283
282 317
283 284
283 318
284 285
284 319
285 286
285 320
286 287
286 321
287 288
287 322
288 289
288 323
289 290
289 324
290 291
290 325
291 292
291 326
292 293
292 327
293 294
293 328
294 295
294 329
295 296
295 330
296 297
296 331
297 298
297 332
298 299
298 333
299 300
299 334
300 301
300 335
301 302
301 336
302 303
302 337
303 304
303 338
304 305
304 339
305 306
305 340
306 307
306 341
307 308
307 342
308 309
308 343
309 310
309 344
310 311
310 345
311 312
311 346
312 313
312 347
313 314
313 348
314 315
314 349
315 350
316 317
316 351
316 350
317 318
317 352
318 319
318 353
319 320
319 354
320 321
320 355
321 322
321 356
322 323
322 357
323 324
323 358
324 325
324 359
325 326
325 360
326 327
326 361
327 328
327 362
328 329
328 363
329 330
329 364
330 331
330 365
331 332
331 366
332 333
332 367
333 334
333 368
334 335
334 369
335 336
335 370
336 337
336 371
337 338
337 372
338 339
338 373
339 340
339 374
340 341
340 375
341 342
341 376
342 343
342 377
343 344
343 378
344 345
344 379
345 346
345 380
346 347
346 381
347 348
347 382
348 349
348 383
349 350
349 384
350 385
351 352
351 386
351 385
352 353
352 387
353 354
353 388
354 355
354 389
355 356
355 390
356 357
356 391
357 358
357 392
358 359
358 393
359 360
359 394
360 361
360 395
361 362
361 396
362 363
362 397
363 364
363 398
364 365
364 399
365 366
365 400
366 367
366 401
367 368
367 402
368 369
368 403
369 370
369 404
370 371
370 405
371 372
371 406
372 373
372 407
373 374
373 408
374 375
374 409
375 376
375 410
376 377
376 411
377 378
377 412
378 379
378 413
379 380
379 414
380 381
380 415
381 382
381 416
382 383
382 417
383 384
383 418
384 385
384 419
385 420
386 387
386 420
386 421
387 388
387 422
388 389
388 423
389 390
389 424
390 391
390 425
391 392
391 426
392 393
392 427
393 394
393 428
394 395
394 429
395 396
395 430
396 397
396 431
397 398
397 432
398 399
398 433
399 400
399 434
400 401
400 435
401 402
401 436
402 403
402 437
403 404
403 438
404 405
404 439
405 406
405 440
406 407
406 441
407 408
407 442
408 409
408 443
409 410
409 444
410 411
410 445
411 412
411 446
412 413
412 447
413 414
413 448
414 415
414 449
415 416
415 450
416 417
416 451
417 418
417 452
418 419
418 453
419 420
419 454
420 455
421 422
421 456
421 455
422 423
422 457
423 424
423 458
424 425
424 459
425 426
425 460
426 427
426 461
427 428
427 462
428 429
428 463
429 430
429 464
430 431
430 465
431 432
431 466
432 433
432 467
433 434
433 468
434 435
434 469
435 436
435 470
436 437
436 471
437 438
437 472
438 439
438 473
439 440
439 474
440 441
440 475
441 442
441 476
442 443
442 477
443 444
443 478
444 445
444 479
445 446
445 480
446 447
446 481
447 448
447 482
448 449
448 483
449 450
449 484
450 451
450 485
451 452
451 486
452 453
452 487
453 454
453 488
454 455
454 489
455 490
456 457
456 490
456 491
457 458
457 492
458 459
458 493
459 460
459 494
460 461
460 495
461 462
461 496
462 463
462 497
463 464
463 498
464 465
464 499
465 466
465 500
466 467
466 501
467 468
467 502
468 469
468 503
469 470
469 504
470 471
470 505
471 472
471 506
472 473
472 507
473 474
473 508
474 475
474 509
475 476
475 510
476 477
476 511
477 478
477 512
478 479
478 513
479 480
479 514
480 481
480 515
481 482
481 516
482 483
482 517
483 484
483 518
484 485
484 519
485 486
485 520
486 487
486 521
487 488
487 522
488 489
488 523
489 490
489 524
490 525
491 492
491 525
491 526
492 493
492 527
493 494
493 528
494 495
494 529
495 496
495 530
496 497
496 531
497 498
497 532
498 499
498 533
499 500
499 534
500 501
500 535
501 502
501 536
502 503
502 537
503 504
503 538
504 505
504 539
505 506
505 540
506 507
506 541
507 508
507 542
508 509
508 543
509 510
509 544
510 511
510 545
511 512
511 546
512 547
512 513
513 548
513 514
514 549
514 515
515 550
515 516
516 551
516 517
517 552
517 518
518 553
518 519
519 554
519 520
520 555
520 521
521 556
521 522
522 557
522 523
523 558
523 524
524 559
524 525
525 560
526 560
526 561
526 527
527 562
527 528
528 563
528 529
529 564
529 530
530 565
530 531
531 566
531 532
532 567
532 533
533 568
533 534
534 569
534 535
535 570
535 536
536 571
536 537
537 572
537 538
538 573
538 539
539 574
539 540
540 575
540 541
541 576
541 542
542 543
542 577
543 544
543 578
544 545
544 579
545 546
545 580
546 547
546 581
547 548
547 582
548 549
548 583
549 550
549 584
550 551
550 585
551 552
551 586
552 553
552 587
553 554
553 588
554 555
554 589
555 556
555 590
556 557
556 591
557 558
557 592
558 559
558 593
559 560
559 594
560 595
561 562
561 596
561 595
562 563
562 597
563 564
563 598
564 565
564 599
565 566
565 600
566 567
566 601
567 568
567 602
568 569
568 603
569 570
569 604
570 571
570 605
571 572
571 606
572 573
572 607
573 574
573 608
574 575
574 609
575 576
575 610
576 611
576 577
577 612
577 578
578 613
578 579
579 614
579 580
580 615
580 581
581 616
581 582
582 617
582 583
583 618
583 584
584 619
584 585
585 620
585 586
586 621
586 587
587 622
587 588
588 623
588 589
589 624
589 590
590 625
590 591
591 626
591 592
592 627
592 593
593 628
593 594
594 629
594 595
595 630
596 631
596 630
596 597
597 632
597 598
598 633
598 599
599 634
599 600
600 635
600 601
601 636
601 602
602 637
602 603
603 638
603 604
604 639
604 605
605 640
605 606
606 607
606 641
607 608
607 642
608 609
608 643
609 610
609 644
610 611
610 645
611 612
611 646
612 613
612 647
613 614
613 648
614 615
614 649
615 616
615 650
616 617
616 651
617 618
617 652
618 619
618 653
619 620
619 654
620 621
620 655
621 622
621 656
622 623
622 657
623 624
623 658
624 625
624 659
625 626
625 660
626 627
626 661
627 628
627 662
628 629
628 663
629 630
629 664
630 665
631 632
631 665
631 666
632 633
632 667
633 634
633 668
634 635
634 669
635 636
635 670
636 637
636 671
637 638
637 672
638 639
638 673
639 640
639 674
640 675
640 641
641 676
641 642
642 677
642 643
643 678
643 644
644 679
644 645
645 680
645 646
646 681
646 647
647 682
647 648
648 683
648 649
649 684
649 650
650 685
650 651
651 686
651 652
652 687
652 653
653 688
653 654
654 689
654 655
655 690
655 656
656 691
656 657
657 692
657 658
658 693
658 659
659 694
659 660
660 695
660 661
661 696
661 662
662 697
662 663
663 698
663 664
664 699
664 665
665 700
666 701
666 700
666 667
667 702
667 668
668 703
668 669
669 704
669 670
670 671
670 705
671 672
671 706
672 673
672 707
673 674
673 708
674 675
674 709
675 676
675 710
676 677
676 711
677 678
677 712
678 679
678 713
679 680
679 714
680 681
680 715
681 682
681 716
682 683
682 717
683 684
683 718
684 685
684 719
685 686
685 720
686 687
686 721
687 688
687 722
688 689
688 723
689 690
689 724
690 691
690 725
691 692
691 726
692 693
692 727
693 694
693 728
694 695
694 729
695 696
695 730
696 697
696 731
697 698
697 732
698 699
698 733
699 700
699 734
700 735
701 702
701 735
701 736
702 703
702 737
703 704
703 738
704 739
704 705
705 740
705 706
706 741
706 707
707 742
707 708
708 743
708 709
709 744
709 710
710 745
710 711
711 746
711 712
712 747
712 713
713 748
713 714
714 749
714 715
715 750
715 716
716 751
716 717
717 752
717 718
718 753
718 719
719 754
719 720
720 755
720 721
721 756
721 722
722 757
722 723
723 758
723 724
724 759
724 725
725 760
725 726
726 761
726 727
727 762
727 728
728 763
728 729
729 764
729 730
730 765
730 731
731 766
731 732
732 767
732 733
733 768
733 734
734 735
734 769
735 770
736 737
736 771
736 770
737 738
737 772
738 739
738 773
739 740
739 774
740 741
740 775
741 742
741 776
742 743
742 777
743 744
743 778
744 745
744 779
745 746
745 780
746 747
746 781
747 748
747 782
748 749
748 783
749 750
749 784
750 751
750 785
751 752
751 786
752 753
752 787
753 754
753 788
754 755
754 789
755 756
755 790
756 757
756 791
757 758
757 792
758 759
758 793
759 760
759 794
760 761
760 795
761 762
761 796
762 763
762 797
763 764
763 798
764 765
764 799
765 766
765 800
766 767
766 801
767 768
767 802
768 803
768 769
769 804
769 770
770 805
771 805
771 806
771 772
772 807
772 773
773 808
773 774
774 809
774 775
775 810
775 776
776 811
776 777
777 812
777 778
778 813
778 779
779 814
779 780
780 815
780 781
781 816
781 782
782 817
782 783
783 818
783 784
784 819
784 785
785 820
785 786
786 821
786 787
787 822
787 788
788 823
788 789
789 824
789 790
790 825
790 791
791 826
791 792
792 827
792 793
793 828
793 794
794 829
794 795
795 830
795 796
796 831
796 797
797 832
797 798
798 799
798 833
799 800
799 834
800 801
800 835
801 802
801 836
802 803
802 837
803 804
803 838
804 805
804 839
805 840
806 807
806 840
806 841
807 808
807 842
808 809
808 843
809 810
809 844
810 811
810 845
811 812
811 846
812 813
812 847
813 814
813 848
814 815
814 849
815 816
815 850
816 817
816 851
817 818
817 852
818 819
818 853
819 820
819 854
820 821
820 855
821 822
821 856
822 823
822 857
823 824
823 858
824 825
824 859
825 826
825 860
826 827
826 861
827 828
827 862
828 829
828 863
829 830
829 864
830 831
830 865
831 832
831 866
832 867
832 833
833 868
833 834
834 869
834 835
835 870
835 836
836 871
836 837
837 872
837 838
838 873
838 839
839 874
839 840
840 875
841 875
841 876
841 842
842 877
842 843
843 878
843 844
844 879
844 845
845 880
845 846
846 881
846 847
847 882
847 848
848 883
848 849
849 884
849 850
850 885
850 851
851 886
851 852
852 887
852 853
853 888
853 854
854 889
854 855
855 890
855 856
856 891
856 857
857 892
857 858
858 893
858 859
859 894
859 860
860 895
860 861
861 896
861 862
862 863
862 897
863 864
863 898
864 865
864 899
865 866
865 900
866 867
866 901
867 868
867 902
868 869
868 903
869 870
869 904
870 871
870 905
871 872
871 906
872 873
872 907
873 874
873 908
874 875
874 909
875 910
876 877
876 911
876 910
877 878
877 912
878 879
878 913
879 880
879 914
880 881
880 915
881 882
881 916
882 883
882 917
883 884
883 918
884 885
884 919
885 886
885 920
886 887
886 921
887 888
887 922
888 889
888 923
889 890
889 924
890 891
890 925
891 892
891 926
892 893
892 927
893 894
893 928
894 895
894 929
895 896
895 930
896 931
896 897
897 932
897 898
898 933
898 899
899 934
899 900
900 935
900 901
901 936
901 902
902 937
902 903
903 938
903 904
904 939
904 905
905 940
905 906
906 941
906 907
907 942
907 908
908 943
908 909
909 944
909 910
910 945
911 945
911 946
911 912
912 947
912 913
913 948
913 914
914 949
914 915
915 950
915 916
916 951
916 917
917 952
917 918
918 953
918 919
919 954
919 920
920 955
920 921
921 956
921 922
922 957
922 923
923 958
923 924
924 959
924 925
925 960
925 926
926 927
926 961
927 928
927 962
928 929
928 963
929 930
929 964
930 931
930 965
931 932
931 966
932 933
932 967
933 934
933 968
934 935
934 969
935 936
935 970
936 937
936 971
937 938
937 972
938 939
938 973
939 940
939 974
940 941
940 975
941 942
941 976
942 943
942 977
943 944
943 978
944 945
944 979
945 980
946 947
946 980
946 981
947 948
947 982
948 949
948 983
949 950
949 984
950 951
950 985
951 952
951 986
952 953
952 987
953 954
953 988
954 955
954 989
955 956
955 990
956 957
956 991
957 958
957 992
958 959
958 993
959 960
959 994
960 995
960 961
961 996
961 962
962 997
962 963
963 998
963 964
964 999
964 965
965 1000
965 966
966 1001
966 967
967 1002
967 968
968 1003
968 969
969 1004
969 970
970 1005
970 971
971 1006
971 972
972 1007
972 973
973 1008
973 974
974 1009
974 975
975 1010
975 976
976 1011
976 977
977 1012
977 978
978 1013
978 979
979 1014
979 980
980 1015
981 1015
981 1016
981 982
982 1017
982 983
983 1018
983 984
984 1019
984 985
985 1020
985 986
986 1021
986 987
987 1022
987 988
988 1023
988 989
989 1024
989 990
990 991
990 1025
991 992
991 1026
992 993
992 1027
993 994
993 1028
994 995
994 1029
995 996
995 1030
996 997
996 1031
997 998
997 1032
998 999
998 1033
999 1000
999 1034
1000 1001
1000 1035
1001 1002
1001 1036
1002 1003
1002 1037
1003 1004
1003 1038
1004 1005
1004 1039
1005 1006
1005 1040
1006 1007
1006 1041
1007 1008
1007 1042
1008 1009
1008 1043
1009 1010
1009 1044
1010 1011
1010 1045
1011 1012
1011 1046
1012 1013
1012 1047
1013 1014
1013 1048
1014 1015
1014 1049
1015 1050
1016 1017
1016 1050
1016 1051
1017 1018
1017 1052
1018 1019
1018 1053
1019 1020
1019 1054
1020 1021
1020 1055
1021 1022
1021 1056
1022 1023
1022 1057
1023 1024
1023 1058
1024 1025
1024 1059
1025 1026
1025 1060
1026 1027
1026 1061
1027 1028
1027 1062
1028 1029
1028 1063
1029 1030
1029 1064
1030 1031
1030 1065
1031 1032
1031 1066
1032 1033
1032 1067
1033 1034
1033 1068
1034 1035
1034 1069
1035 1036
1035 1070
1036 1037
1036 1071
1037 1038
1037 1072
1038 1039
1038 1073
1039 1040
1039 1074
1040 1041
1040 1075
1041 1042
1041 1076
1042 1043
1042 1077
1043 1044
1043 1078
1044 1045
1044 1079
1045 1046
1045 1080
1046 1047
1046 1081
1047 1048
1047 1082
1048 1049
1048 1083
1049 1050
1049 1084
1050 1085
1051 1052
1051 1086
1051 1085
1052 1053
1052 1087
1053 1054
1053 1088
1054 1089
1054 1055
1055 1090
1055 1056
1056 1091
1056 1057
1057 1092
1057 1058
1058 1093
1058 1059
1059 1094
1059 1060
1060 1095
1060 1061
1061 1096
1061 1062
1062 1097
1062 1063
1063 1098
1063 1064
1064 1099
1064 1065
1065 1100
1065 1066
1066 1101
1066 1067
1067 1102
1067 1068
1068 1103
1068 1069
1069 1104
1069 1070
1070 1105
1070 1071
1071 1106
1071 1072
1072 1107
1072 1073
1073 1108
1073 1074
1074 1109
1074 1075
1075 1110
1075 1076
1076 1111
1076 1077
1077 1112
1077 1078
1078 1113
1078 1079
1079 1114
1079 1080
1080 1115
1080 1081
1081 1116
1081 1082
1082 1117
1082 1083
1083 1118
1083 1084
1084 1119
1084 1085
1085 1120
1086 1120
1086 1121
1086 1087
1087 1122
1087 1088
1088 1089
1088 1123
1089 1090
1089 1124
1090 1091
1090 1125
1091 1092
1091 1126
1092 1093
1092 1127
1093 1094
1093 1128
1094 1095
1094 1129
1095 1096
1095 1130
1096 1097
1096 1131
1097 1098
1097 1132
1098 1099
1098 1133
1099 1100
1099 1134
1100 1101
1100 1135
1101 1102
1101 1136
1102 1103
1102 1137
1103 1104
1103 1138
1104 1105
1104 1139
1105 1106
1105 1140
1106 1107
1106 1141
1107 1108
1107 1142
1108 1109
1108 1143
1109 1110
1109 1144
1110 1111
1110 1145
1111 1112
1111 1146
1112 1113
1112 1147
1113 1114
1113 1148
1114 1115
1114 1149
1115 1116
1115 1150
1116 1117
1116 1151
1117 1118
1117 1152
1118 1119
1118 1153
1119 1120
1119 1154
1120 1155
1121 1122
1121 1156
1121 1155
1122 1123
1122 1157
1123 1124
1123 1158
1124 1125
1124 1159
1125 1126
1125 1160
1126 1127
1126 1161
1127 1128
1127 1162
1128 1129
1128 1163
1129 1130
1129 1164
1130 1131
1130 1165
1131 1132
1131 1166
1132 1133
1132 1167
1133 1134
1133 1168
1134 1135
1134 1169
1135 1136
1135 1170
1136 1137
1136 1171
1137 1138
1137 1172
1138 1139
1138 1173
1139 1140
1139 1174
1140 1141
1140 1175
1141 1142
1141 1176
1142 1143
1142 1177
1143 1144
1143 1178
1144 1145
1144 1179
1145 1146
1145 1180
1146 1147
1146 1181
1147 1148
1147 1182
1148 1149
1148 1183
1149 1150
1149 1184
1150 1151
1150 1185
1151 1152
1151 1186
1152 1153
1152 1187
1153 1154
1153 1188
1154 1155
1154 1189
1155 1190
1156 1157
1156 1191
1156 1190
1157 1158
1157 1192
1158 1159
1158 1193
1159 1160
1159 1194
1160 1161
1160 1195
1161 1162
1161 1196
1162 1163
1162 1197
1163 1164
1163 1198
1164 1165
1164 1199
1165 1166
1165 1200
1166 1167
1166 1201
1167 1168
1167 1202
1168 1169
1168 1203
1169 1170
1169 1204
1170 1171
1170 1205
1171 1172
1171 1206
1172 1173
1172 1207
1173 1174
1173 1208
1174 1175
1174 1209
1175 1176
1175 1210
1176 1177
1176 1211
1177 1178
1177 1212
1178 1179
1178 1213
1179 1180
1179 1214
1180 1181
1180 1215
1181 1182
1181 1216
1182 1217
1182 1183
1183 1218
1183 1184
1184 1219
1184 1185
1185 1220
1185 1186
1186 1221
1186 1187
1187 1222
1187 1188
1188 1223
1188 1189
1189 1224
1189 1190
1190 1225
1191 1225
1191 1192
1192 1193
1193 1194
1194 1195
1195 1196
1196 1197
1197 1198
1198 1199
1199 1200
1200 1201
1201 1202
1202 1203
1203 1204
1204 1205
1205 1206
1206 1207
1207 1208
1208 1209
1209 1210
1210 1211
1211 1212
1212 1213
1213 1214
1214 1215
1215 1216
1216 1217
1217 1218
1218 1219
1219 1220
1220 1221
1221 1222
1222 1223
1223 1224
1224 1225
