
1024 1024 2048
1 2
1 32
1 33
1 993
2 3
2 34
2 994
3 4
3 35
3 995
4 5
4 36
4 996
5 6
5 37
5 997
6 7
6 38
6 998
7 8
7 39
7 999
8 9
8 40
8 1000
9 10
9 41
9 1001
10 11
10 42
10 1002
11 12
11 43
11 1003
12 13
12 44
12 1004
13 14
13 45
13 1005
14 15
14 46
14 1006
15 16
15 47
15 1007
16 17
16 48
16 1008
17 18
17 49
17 1009
18 19
18 50
18 1010
19 20
19 51
19 1011
20 21
20 52
20 1012
21 22
21 53
21 1013
22 23
22 54
22 1014
23 24
23 55
23 1015
24 25
24 56
24 1016
25 26
25 57
25 1017
26 27
26 58
26 1018
27 28
27 59
27 1019
28 29
28 60
28 1020
29 30
29 61
29 1021
30 31
30 62
30 1022
31 32
31 63
31 1023
32 64
32 1024
33 34
33 64
33 65
34 35
34 66
35 36
35 67
36 37
36 68
37 38
37 69
38 39
38 70
39 40
39 71
40 41
40 72
41 42
41 73
42 43
42 74
43 44
43 75
44 45
44 76
45 46
45 77
46 47
46 78
47 48
47 79
48 49
48 80
49 50
49 81
50 51
50 82
51 52
51 83
52 53
52 84
53 54
53 85
54 55
54 86
55 56
55 87
56 57
56 88
57 58
57 89
58 59
58 90
59 60
59 91
60 61
60 92
61 62
61 93
62 63
62 94
63 64
63 95
64 96
65 66
65 96
65 97
66 67
66 98
67 68
67 99
68 69
68 100
69 70
69 101
70 71
70 102
71 72
71 103
72 73
72 104
73 74
73 105
74 75
74 106
75 76
75 107
76 77
76 108
77 78
77 109
78 79
78 110
79 80
79 111
80 81
80 112
81 82
81 113
82 83
82 114
83 84
83 115
84 85
84 116
85 86
85 117
86 87
86 118
87 88
87 119
88 89
88 120
89 90
89 121
90 91
90 122
91 92
91 123
92 93
92 124
93 94
93 125
94 95
94 126
95 96
95 127
96 128
97 98
97 128
97 129
98 99
98 130
99 100
99 131
100 101
100 132
101 102
101 133
102 103
102 134
103 104
103 135
104 105
104 136
105 106
105 137
106 107
106 138
107 108
107 139
108 109
108 140
109 110
109 141
110 111
110 142
111 112
111 143
112 113
112 144
113 114
113 145
114 115
114 146
115 116
115 147
116 117
116 148
117 118
117 149
118 119
118 150
119 120
119 151
120 121
120 152
121 122
121 153
122 123
122 154
123 124
123 155
124 125
124 156
125 126
125 157
126 127
126 158
127 128
127 159
128 160
129 130
129 160
129 161
130 131
130 162
131 132
131 163
132 133
132 164
133 134
133 165
134 135
134 166
135 136
135 167
136 137
136 168
137 138
137 169
138 139
138 170
139 140
139 171
140 141
140 172
141 142
141 173
142 143
142 174
143 144
143 175
144 145
144 176
145 146
145 177
146 147
146 178
147 148
147 179
148 149
148 180
149 150
149 181
150 151
150 182
151 152
151 183
152 153
152 184
153 154
153 185
154 155
154 186
155 156
155 187
156 157
156 188
157 158
157 189
158 159
158 190
159 160
159 191
160 192
161 162
161 192
161 193
162 163
162 194
163 164
163 195
164 165
164 196
165 166
165 197
166 167
166 198
167 168
167 199
168 169
168 200
169 170
169 201
170 171
170 202
171 172
171 203
172 173
172 204
173 174
173 205
174 175
174 206
175 176
175 207
176 177
176 208
177 178
177 209
178 179
178 210
179 180
179 211
180 181
180 212
181 182
181 213
182 183
182 214
183 184
183 215
184 185
184 216
185 186
185 217
186 187
186 218
187 188
187 219
188 189
188 220
189 190
189 221
190 191
190 222
191 192
191 223
192 224
193 194
193 224
193 225
194 195
194 226
195 196
195 227
196 197
196 228
197 198
197 229
198 199
198 230
199 200
199 231
200 201
200 232
201 202
201 233
202 203
202 234
203 204
203 235
204 205
204 236
205 206
205 237
206 207
206 238
207 208
207 239
208 209
208 240
209 210
209 241
210 211
210 242
211 212
211 243
212 213
212 244
213 214
213 245
214 215
214 246
215 216
215 247
216 217
216 248
217 218
217 249
218 219
218 250
219 220
219 251
220 221
220 252
221 222
221 253
222 223
222 254
223 224
223 255
224 256
225 226
225 256
225 257
226 227
226 258
227 228
227 259
228 229
228 260
229 230
229 261
230 231
230 262
231 232
231 263
232 233
232 264
233 234
233 265
234 235
234 266
235 236
235 267
236 237
236 268
237 238
237 269
238 239
238 270
239 240
239 271
240 241
240 272
241 242
241 273
242 243
242 274
243 244
243 275
244 245
244 276
245 246
245 277
246 247
246 278
247 248
247 279
248 249
248 280
249 250
249 281
250 251
250 282
251 252
251 283
252 253
252 284
253 254
253 285
254 255
254 286
255 256
255 287
256 288
257 288
257 258
257 289
258 259
258 290
259 260
259 291
260 261
260 292
261 262
261 293
262 263
262 294
263 264
263 295
264 265
264 296
265 266
265 297
266 267
266 298
267 268
267 299
268 269
268 300
269 270
269 301
270 271
270 302
271 272
271 303
272 273
272 304
273 274
273 305
274 275
274 306
275 276
275 307
276 277
276 308
277 278
277 309
278 279
278 310
279 280
279 311
280 281
280 312
281 282
281 313
282 283
282 314
283 284
283 315
284 285
284 316
285 286
285 317
286 287
286 318
287 288
287 319
288 320
289 320
289 290
289 321
290 291
290 322
291 292
291 323
292 293
292 324
293 294
293 325
294 295
294 326
295 296
295 327
296 297
296 328
297 298
297 329
298 299
298 330
299 300
299 331
300 301
300 332
301 302
301 333
302 303
302 334
303 304
303 335
304 305
304 336
305 306
305 337
306 307
306 338
307 308
307 339
308 309
308 340
309 310
309 341
310 311
310 342
311 312
311 343
312 313
312 344
313 314
313 345
314 315
314 346
315 316
315 347
316 317
316 348
317 318
317 349
318 319
318 350
319 320
319 351
320 352
321 352
321 322
321 353
322 323
322 354
323 324
323 355
324 325
324 356
325 326
325 357
326 327
326 358
327 328
327 359
328 329
328 360
329 330
329 361
330 331
330 362
331 332
331 363
332 333
332 364
333 334
333 365
334 335
334 366
335 336
335 367
336 337
336 368
337 338
337 369
338 339
338 370
339 340
339 371
340 341
340 372
341 342
341 373
342 343
342 374
343 344
343 375
344 345
344 376
345 346
345 377
346 347
346 378
347 348
347 379
348 349
348 380
349 350
349 381
350 351
350 382
351 352
351 383
352 384
353 384
353 354
353 385
354 355
354 386
355 356
355 387
356 357
356 388
357 358
357 389
358 359
358 390
359 360
359 391
360 361
360 392
361 362
361 393
362 363
362 394
363 364
363 395
364 365
364 396
365 366
365 397
366 367
366 398
367 368
367 399
368 369
368 400
369 370
369 401
370 371
370 402
371 372
371 403
372 373
372 404
373 374
373 405
374 375
374 406
375 376
375 407
376 377
376 408
377 378
377 409
378 379
378 410
379 380
379 411
380 381
380 412
381 382
381 413
382 383
382 414
383 384
383 415
384 416
385 416
385 386
385 417
386 387
386 418
387 388
387 419
388 389
388 420
389 390
389 421
390 391
390 422
391 392
391 423
392 393
392 424
393 394
393 425
394 395
394 426
395 396
395 427
396 397
396 428
397 398
397 429
398 399
398 430
399 400
399 431
400 401
400 432
401 402
401 433
402 403
402 434
403 404
403 435
404 405
404 436
405 406
405 437
406 407
406 438
407 408
407 439
408 409
408 440
409 410
409 441
410 411
410 442
411 412
411 443
412 413
412 444
413 414
413 445
414 415
414 446
415 416
415 447
416 448
417 448
417 418
417 449
418 419
418 450
419 420
419 451
420 421
420 452
421 422
421 453
422 423
422 454
423 424
423 455
424 425
424 456
425 426
425 457
426 427
426 458
427 428
427 459
428 429
428 460
429 430
429 461
430 431
430 462
431 432
431 463
432 433
432 464
433 434
433 465
434 435
434 466
435 436
435 467
436 437
436 468
437 438
437 469
438 439
438 470
439 440
439 471
440 441
440 472
441 442
441 473
442 443
442 474
443 444
443 475
444 445
444 476
445 446
445 477
446 447
446 478
447 448
447 479
448 480
449 480
449 450
449 481
450 451
450 482
451 452
451 483
452 453
452 484
453 454
453 485
454 455
454 486
455 456
455 487
456 457
456 488
457 458
457 489
458 459
458 490
459 460
459 491
460 461
460 492
461 462
461 493
462 463
462 494
463 464
463 495
464 465
464 496
465 466
465 497
466 467
466 498
467 468
467 499
468 469
468 500
469 470
469 501
470 471
470 502
471 472
471 503
472 473
472 504
473 474
473 505
474 475
474 506
475 476
475 507
476 477
476 508
477 478
477 509
478 479
478 510
479 480
479 511
480 512
481 512
481 482
481 513
482 483
482 514
483 484
483 515
484 485
484 516
485 486
485 517
486 487
486 518
487 488
487 519
488 489
488 520
489 490
489 521
490 491
490 522
491 492
491 523
492 493
492 524
493 494
493 525
494 495
494 526
495 496
495 527
496 497
496 528
497 498
497 529
498 499
498 530
499 500
499 531
500 501
500 532
501 502
501 533
502 503
502 534
503 504
503 535
504 505
504 536
505 506
505 537
506 507
506 538
507 508
507 539
508 509
508 540
509 510
509 541
510 511
510 542
511 512
511 543
512 544
513 545
513 514
513 544
514 546
514 515
515 547
515 516
516 548
516 517
517 549
517 518
518 550
518 519
519 551
519 520
520 552
520 521
521 553
521 522
522 554
522 523
523 555
523 524
524 556
524 525
525 557
525 526
526 558
526 527
527 559
527 528
528 560
528 529
529 561
529 530
530 562
530 531
531 563
531 532
532 564
532 533
533 565
533 534
534 566
534 535
535 567
535 536
536 568
536 537
537 569
537 538
538 570
538 539
539 571
539 540
540 572
540 541
541 573
541 542
542 574
542 543
543 575
543 544
544 576
545 546
545 576
545 577
546 547
546 578
547 548
547 579
548 549
548 580
549 550
549 581
550 551
550 582
551 552
551 583
552 553
552 584
553 554
553 585
554 555
554 586
555 556
555 587
556 557
556 588
557 558
557 589
558 559
558 590
559 560
559 591
560 561
560 592
561 562
561 593
562 563
562 594
563 564
563 595
564 565
564 596
565 566
565 597
566 567
566 598
567 568
567 599
568 569
568 600
569 570
569 601
570 571
570 602
571 572
571 603
572 573
572 604
573 574
573 605
574 575
574 606
575 576
575 607
576 608
577 609
577 578
577 608
578 610
578 579
579 611
579 580
580 612
580 581
581 613
581 582
582 614
582 583
583 615
583 584
584 616
584 585
585 617
585 586
586 618
586 587
587 619
587 588
588 620
588 589
589 621
589 590
590 622
590 591
591 623
591 592
592 624
592 593
593 625
593 594
594 626
594 595
595 627
595 596
596 628
596 597
597 629
597 598
598 630
598 599
599 631
599 600
600 632
600 601
601 633
601 602
602 634
602 603
603 635
603 604
604 636
604 605
605 637
605 606
606 638
606 607
607 639
607 608
608 640
609 610
609 640
609 641
610 611
610 642
611 612
611 643
612 613
612 644
613 614
613 645
614 615
614 646
615 616
615 647
616 617
616 648
617 618
617 649
618 619
618 650
619 620
619 651
620 621
620 652
621 622
621 653
622 623
622 654
623 624
623 655
624 625
624 656
625 626
625 657
626 627
626 658
627 628
627 659
628 629
628 660
629 630
629 661
630 631
630 662
631 632
631 663
632 633
632 664
633 634
633 665
634 635
634 666
635 636
635 667
636 637
636 668
637 638
637 669
638 639
638 670
639 640
639 671
640 672
641 673
641 642
641 672
642 674
642 643
643 675
643 644
644 676
644 645
645 677
645 646
646 678
646 647
647 679
647 648
648 680
648 649
649 681
649 650
650 682
650 651
651 683
651 652
652 684
652 653
653 685
653 654
654 686
654 655
655 687
655 656
656 688
656 657
657 689
657 658
658 690
658 659
659 691
659 660
660 692
660 661
661 693
661 662
662 694
662 663
663 695
663 664
664 696
664 665
665 697
665 666
666 698
666 667
667 699
667 668
668 700
668 669
669 701
669 670
670 702
670 671
671 703
671 672
672 704
673 674
673 704
673 705
674 675
674 706
675 676
675 707
676 677
676 708
677 678
677 709
678 679
678 710
679 680
679 711
680 681
680 712
681 682
681 713
682 683
682 714
683 684
683 715
684 685
684 716
685 686
685 717
686 687
686 718
687 688
687 719
688 689
688 720
689 690
689 721
690 691
690 722
691 692
691 723
692 693
692 724
693 694
693 725
694 695
694 726
695 696
695 727
696 697
696 728
697 698
697 729
698 699
698 730
699 700
699 731
700 701
700 732
701 702
701 733
702 703
702 734
703 704
703 735
704 736
705 737
705 706
705 736
706 738
706 707
707 739
707 708
708 740
708 709
709 741
709 710
710 742
710 711
711 743
711 712
712 744
712 713
713 745
713 714
714 746
714 715
715 747
715 716
716 748
716 717
717 749
717 718
718 750
718 719
719 751
719 720
720 752
720 721
721 753
721 722
722 754
722 723
723 755
723 724
724 756
724 725
725 757
725 726
726 758
726 727
727 759
727 728
728 760
728 729
729 761
729 730
730 762
730 731
731 763
731 732
732 764
732 733
733 765
733 734
734 766
734 735
735 767
735 736
736 768
737 738
737 768
737 769
738 739
738 770
739 740
739 771
740 741
740 772
741 742
741 773
742 743
742 774
743 744
743 775
744 745
744 776
745 746
745 777
746 747
746 778
747 748
747 779
748 749
748 780
749 750
749 781
750 751
750 782
751 752
751 783
752 753
752 784
753 754
753 785
754 755
754 786
755 756
755 787
756 757
756 788
757 758
757 789
758 759
758 790
759 760
759 791
760 761
760 792
761 762
761 793
762 763
762 794
763 764
763 795
764 765
764 796
765 766
765 797
766 767
766 798
767 768
767 799
768 800
769 801
769 800
769 770
770 802
770 771
771 803
771 772
772 804
772 773
773 805
773 774
774 806
774 775
775 807
775 776
776 808
776 777
777 809
777 778
778 810
778 779
779 811
779 780
780 812
780 781
781 813
781 782
782 814
782 783
783 815
783 784
784 816
784 785
785 817
785 786
786 818
786 787
787 819
787 788
788 820
788 789
789 821
789 790
790 822
790 791
791 823
791 792
792 824
792 793
793 825
793 794
794 826
794 795
795 827
795 796
796 828
796 797
797 829
797 798
798 830
798 799
799 831
799 800
800 832
801 832
801 802
801 833
802 803
802 834
803 804
803 835
804 805
804 836
805 806
805 837
806 807
806 838
807 808
807 839
808 809
808 840
809 810
809 841
810 811
810 842
811 812
811 843
812 813
812 844
813 814
813 845
814 815
814 846
815 816
815 847
816 817
816 848
817 818
817 849
818 819
818 850
819 820
819 851
820 821
820 852
821 822
821 853
822 823
822 854
823 824
823 855
824 825
824 856
825 826
825 857
826 827
826 858
827 828
827 859
828 829
828 860
829 830
829 861
830 831
830 862
831 832
831 863
832 864
833 865
833 864
833 834
834 866
834 835
835 867
835 836
836 868
836 837
837 869
837 838
838 870
838 839
839 871
839 840
840 872
840 841
841 873
841 842
842 874
842 843
843 875
843 844
844 876
844 845
845 877
845 846
846 878
846 847
847 879
847 848
848 880
848 849
849 881
849 850
850 882
850 851
851 883
851 852
852 884
852 853
853 885
853 854
854 886
854 855
855 887
855 856
856 888
856 857
857 889
857 858
858 890
858 859
859 891
859 860
860 892
860 861
861 893
861 862
862 894
862 863
863 895
863 864
864 896
865 896
865 866
865 897
866 867
866 898
867 868
867 899
868 869
868 900
869 870
869 901
870 871
870 902
871 872
871 903
872 873
872 904
873 874
873 905
874 875
874 906
875 876
875 907
876 877
876 908
877 878
877 909
878 879
878 910
879 880
879 911
880 881
880 912
881 882
881 913
882 883
882 914
883 884
883 915
884 885
884 916
885 886
885 917
886 887
886 918
887 888
887 919
888 889
888 920
889 890
889 921
890 891
890 922
891 892
891 923
892 893
892 924
893 894
893 925
894 895
894 926
895 896
895 927
896 928
897 929
897 928
897 898
898 930
898 899
899 931
899 900
900 932
900 901
901 933
901 902
902 934
902 903
903 935
903 904
904 936
904 905
905 937
905 906
906 938
906 907
907 939
907 908
908 940
908 909
909 941
909 910
910 942
910 911
911 943
911 912
912 944
912 913
913 945
913 914
914 946
914 915
915 947
915 916
916 948
916 917
917 949
917 918
918 950
918 919
919 951
919 920
920 952
920 921
921 953
921 922
922 954
922 923
923 955
923 924
924 956
924 925
925 957
925 926
926 958
926 927
927 959
927 928
928 960
929 960
929 930
929 961
930 931
930 962
931 932
931 963
932 933
932 964
933 934
933 965
934 935
934 966
935 936
935 967
936 937
936 968
937 938
937 969
938 939
938 970
939 940
939 971
940 941
940 972
941 942
941 973
942 943
942 974
943 944
943 975
944 945
944 976
945 946
945 977
946 947
946 978
947 948
947 979
948 949
948 980
949 950
949 981
950 951
950 982
951 952
951 983
952 953
952 984
953 954
953 985
954 955
954 986
955 956
955 987
956 957
956 988
957 958
957 989
958 959
958 990
959 960
959 991
960 992
961 993
961 992
961 962
962 994
962 963
963 995
963 964
964 996
964 965
965 997
965 966
966 998
966 967
967 999
967 968
968 1000
968 969
969 1001
969 970
970 1002
970 971
971 1003
971 972
972 1004
972 973
973 1005
973 974
974 1006
974 975
975 1007
975 976
976 1008
976 977
977 1009
977 978
978 1010
978 979
979 1011
979 980
980 1012
980 981
981 1013
981 982
982 1014
982 983
983 1015
983 984
984 1016
984 985
985 1017
985 986
986 1018
986 987
987 1019
987 988
988 1020
988 989
989 1021
989 990
990 1022
990 991
991 1023
991 992
992 1024
993 1024
993 994
994 995
995 996
996 997
997 998
998 999
999 1000
1000 1001
1001 1002
1002 1003
1003 1004
1004 1005
1005 1006
1006 1007
1007 1008
1008 1009
1009 1010
1010 1011
1011 1012
1012 1013
1013 1014
1014 1015
1015 1016
1016 1017
1017 1018
1018 1019
1019 1020
1020 1021
1021 1022
1022 1023
1023 1024
