
900 900 1800
1 2
1 30
1 31
1 871
2 3
2 32
2 872
3 4
3 33
3 873
4 5
4 34
4 874
5 6
5 35
5 875
6 7
6 36
6 876
7 8
7 37
7 877
8 9
8 38
8 878
9 10
9 39
9 879
10 11
10 40
10 880
11 12
11 41
11 881
12 13
12 42
12 882
13 14
13 43
13 883
14 15
14 44
14 884
15 16
15 45
15 885
16 17
16 46
16 886
17 18
17 47
17 887
18 19
18 48
18 888
19 20
19 49
19 889
20 21
20 50
20 890
21 22
21 51
21 891
22 23
22 52
22 892
23 24
23 53
23 893
24 25
24 54
24 894
25 26
25 55
25 895
26 27
26 56
26 896
27 28
27 57
27 897
28 29
28 58
28 898
29 30
29 59
29 899
30 60
30 900
31 32
31 60
31 61
32 33
32 62
33 34
33 63
34 35
34 64
35 36
35 65
36 37
36 66
37 38
37 67
38 39
38 68
39 40
39 69
40 41
40 70
41 42
41 71
42 43
42 72
43 44
43 73
44 45
44 74
45 46
45 75
46 47
46 76
47 48
47 77
48 49
48 78
49 50
49 79
50 51
50 80
51 52
51 81
52 53
52 82
53 54
53 83
54 55
54 84
55 56
55 85
56 57
56 86
57 58
57 87
58 59
58 88
59 60
59 89
60 90
61 62
61 90
61 91
62 63
62 92
63 64
63 93
64 65
64 94
65 66
65 95
66 67
66 96
67 68
67 97
68 69
68 98
69 70
69 99
70 71
70 100
71 72
71 101
72 73
72 102
73 74
73 103
74 75
74 104
75 76
75 105
76 77
76 106
77 78
77 107
78 79
78 108
79 80
79 109
80 81
80 110
81 82
81 111
82 83
82 112
83 84
83 113
84 85
84 114
85 86
85 115
86 87
86 116
87 88
87 117
88 89
88 118
89 90
89 119
90 120
91 92
91 120
91 121
92 93
92 122
93 94
93 123
94 95
94 124
95 96
95 125
96 97
96 126
97 98
97 127
98 99
98 128
99 100
99 129
100 101
100 130
101 102
101 131
102 103
102 132
103 104
103 133
104 105
104 134
105 106
105 135
106 107
106 136
107 108
107 137
108 109
108 138
109 110
109 139
110 111
110 140
111 112
111 141
112 113
112 142
113 114
113 143
114 115
114 144
115 116
115 145
116 117
116 146
117 118
117 147
118 119
118 148
119 120
119 149
120 150
121 122
121 150
121 151
122 123
122 152
123 124
123 153
124 125
124 154
125 126
125 155
126 127
126 156
127 128
127 157
128 129
128 158
129 130
129 159
130 131
130 160
131 132
131 161
132 133
132 162
133 134
133 163
134 135
134 164
135 136
135 165
136 137
136 166
137 138
137 167
138 139
138 168
139 140
139 169
140 141
140 170
141 142
141 171
142 143
142 172
143 144
143 173
144 145
144 174
145 146
145 175
146 147
146 176
147 148
147 177
148 149
148 178
149 150
149 179
150 180
151 152
151 180
151 181
152 153
152 182
153 154
153 183
154 155
154 184
155 156
155 185
156 157
156 186
157 158
157 187
158 159
158 188
159 160
159 189
160 161
160 190
161 162
161 191
162 163
162 192
163 164
163 193
164 165
164 194
165 166
165 195
166 167
166 196
167 168
167 197
168 169
168 198
169 170
169 199
170 171
170 200
171 172
171 201
172 173
172 202
173 174
173 203
174 175
174 204
175 176
175 205
176 177
176 206
177 178
177 207
178 179
178 208
179 180
179 209
180 210
181 182
181 210
181 211
182 183
182 212
183 184
183 213
184 185
184 214
185 186
185 215
186 187
186 216
187 188
187 217
188 189
188 218
189 190
189 219
190 191
190 220
191 192
191 221
192 193
192 222
193 194
193 223
194 195
194 224
195 196
195 225
196 197
196 226
197 198
197 227
198 199
198 228
199 200
199 229
200 201
200 230
201 202
201 231
202 203
202 232
203 204
203 233
204 205
204 234
205 206
205 235
206 207
206 236
207 208
207 237
208 209
208 238
209 210
209 239
210 240
211 212
211 240
211 241
212 213
212 242
213 214
213 243
214 215
214 244
215 216
215 245
216 217
216 246
217 218
217 247
218 219
218 248
219 220
219 249
220 221
220 250
221 222
221 251
222 223
222 252
223 224
223 253
224 225
224 254
225 226
225 255
226 227
226 256
227 228
227 257
228 229
228 258
229 230
229 259
230 231
230 260
231 232
231 261
232 233
232 262
233 234
233 263
234 235
234 264
235 236
235 265
236 237
236 266
237 238
237 267
238 239
238 268
239 240
239 269
240 270
241 242
241 271
241 270
242 243
242 272
243 244
243 273
244 245
244 274
245 246
245 275
246 247
246 276
247 248
247 277
248 249
248 278
249 250
249 279
250 251
250 280
251 252
251 281
252 253
252 282
253 254
253 283
254 255
254 284
255 256
255 285
256 286
256 257
257 287
257 258
258 288
258 259
259 260
259 289
260 261
260 290
261 262
261 291
262 263
262 292
263 264
263 293
264 265
264 294
265 266
265 295
266 267
266 296
267 268
267 297
268 269
268 298
269 270
269 299
270 300
271 272
271 300
271 301
272 273
272 302
273 274
273 303
274 275
274 304
275 276
275 305
276 277
276 306
277 278
277 307
278 279
278 308
279 280
279 309
280 281
280 310
281 282
281 311
282 283
282 312
283 284
283 313
284 285
284 314
285 286
285 315
286 287
286 316
287 288
287 317
288 318
288 289
289 319
289 290
290 320
290 291
291 292
291 321
292 293
292 322
293 294
293 323
294 295
294 324
295 296
295 325
296 297
296 326
297 298
297 327
298 299
298 328
299 300
299 329
300 330
301 302
301 331
301 330
302 303
302 332
303 304
303 333
304 305
304 334
305 306
305 335
306 307
306 336
307 308
307 337
308 309
308 338
309 310
309 339
310 311
310 340
311 312
311 341
312 313
312 342
313 314
313 343
314 315
314 344
315 316
315 345
316 317
316 346
317 318
317 347
318 319
318 348
319 320
319 349
320 350
320 321
321 351
321 322
322 352
322 323
323 324
323 353
324 325
324 354
325 326
325 355
326 327
326 356
327 328
327 357
328 329
328 358
329 330
329 359
330 360
331 332
331 360
331 361
332 333
332 362
333 334
333 363
334 335
334 364
335 336
335 365
336 337
336 366
337 338
337 367
338 339
338 368
339 340
339 369
340 341
340 370
341 342
341 371
342 343
342 372
343 344
343 373
344 345
344 374
345 346
345 375
346 347
346 376
347 348
347 377
348 349
348 378
349 350
349 379
350 351
350 380
351 352
351 381
352 382
352 353
353 383
353 354
354 384
354 355
355 356
355 385
356 357
356 386
357 358
357 387
358 359
358 388
359 360
359 389
360 390
361 362
361 391
361 390
362 363
362 392
363 364
363 393
364 365
364 394
365 366
365 395
366 367
366 396
367 368
367 397
368 369
368 398
369 370
369 399
370 371
370 400
371 372
371 401
372 373
372 402
373 374
373 403
374 375
374 404
375 376
375 405
376 377
376 406
377 378
377 407
378 379
378 408
379 380
379 409
380 381
380 410
381 382
381 411
382 383
382 412
383 384
383 413
384 414
384 385
385 415
385 386
386 416
386 387
387 388
387 417
388 389
388 418
389 390
389 419
390 420
391 392
391 420
391 421
392 393
392 422
393 394
393 423
394 395
394 424
395 396
395 425
396 397
396 426
397 398
397 427
398 399
398 428
399 400
399 429
400 401
400 430
401 402
401 431
402 403
402 432
403 404
403 433
404 405
404 434
405 406
405 435
406 407
406 436
407 408
407 437
408 409
408 438
409 410
409 439
410 411
410 440
411 412
411 441
412 413
412 442
413 414
413 443
414 415
414 444
415 416
415 445
416 446
416 417
417 447
417 418
418 448
418 419
419 420
419 449
420 450
421 422
421 451
421 450
422 423
422 452
423 424
423 453
424 425
424 454
425 426
425 455
426 427
426 456
427 428
427 457
428 429
428 458
429 430
429 459
430 431
430 460
431 432
431 461
432 433
432 462
433 434
433 463
434 435
434 464
435 436
435 465
436 437
436 466
437 438
437 467
438 439
438 468
439 440
439 469
440 441
440 470
441 442
441 471
442 443
442 472
443 444
443 473
444 445
444 474
445 446
445 475
446 447
446 476
447 448
447 477
448 478
448 449
449 479
449 450
450 480
451 480
451 452
451 481
452 453
452 482
453 454
453 483
454 455
454 484
455 456
455 485
456 457
456 486
457 458
457 487
458 459
458 488
459 460
459 489
460 461
460 490
461 462
461 491
462 463
462 492
463 464
463 493
464 465
464 494
465 466
465 495
466 467
466 496
467 468
467 497
468 469
468 498
469 470
469 499
470 471
470 500
471 472
471 501
472 473
472 502
473 474
473 503
474 475
474 504
475 476
475 505
476 477
476 506
477 478
477 507
478 479
478 508
479 480
479 509
480 510
481 510
481 511
481 482
482 512
482 483
483 484
483 513
484 485
484 514
485 486
485 515
486 487
486 516
487 488
487 517
488 489
488 518
489 490
489 519
490 491
490 520
491 492
491 521
492 493
492 522
493 494
493 523
494 495
494 524
495 496
495 525
496 497
496 526
497 498
497 527
498 499
498 528
499 500
499 529
500 501
500 530
501 502
501 531
502 503
502 532
503 504
503 533
504 505
504 534
505 506
505 535
506 507
506 536
507 508
507 537
508 509
508 538
509 510
509 539
510 540
511 512
511 541
511 540
512 513
512 542
513 514
513 543
514 515
514 544
515 545
515 516
516 546
516 517
517 547
517 518
518 548
518 519
519 549
519 520
520 550
520 521
521 551
521 522
522 552
522 523
523 553
523 524
524 554
524 525
525 555
525 526
526 556
526 527
527 557
527 528
528 558
528 529
529 559
529 530
530 560
530 531
531 561
531 532
532 562
532 533
533 563
533 534
534 564
534 535
535 565
535 536
536 566
536 537
537 567
537 538
538 568
538 539
539 569
539 540
540 570
541 571
541 570
541 542
542 572
542 543
543 573
543 544
544 545
544 574
545 546
545 575
546 547
546 576
547 548
547 577
548 549
548 578
549 550
549 579
550 551
550 580
551 552
551 581
552 553
552 582
553 554
553 583
554 555
554 584
555 556
555 585
556 557
556 586
557 558
557 587
558 559
558 588
559 560
559 589
560 561
560 590
561 562
561 591
562 563
562 592
563 564
563 593
564 565
564 594
565 566
565 595
566 567
566 596
567 568
567 597
568 569
568 598
569 570
569 599
570 600
571 572
571 600
571 601
572 573
572 602
573 574
573 603
574 575
574 604
575 576
575 605
576 577
576 606
577 578
577 607
578 579
578 608
579 609
579 580
580 610
580 581
581 611
581 582
582 612
582 583
583 613
583 584
584 614
584 585
585 615
585 586
586 616
586 587
587 617
587 588
588 618
588 589
589 619
589 590
590 620
590 591
591 621
591 592
592 622
592 593
593 623
593 594
594 624
594 595
595 625
595 596
596 626
596 597
597 627
597 598
598 628
598 599
599 629
599 600
600 630
601 631
601 630
601 602
602 632
602 603
603 633
603 604
604 634
604 605
605 635
605 606
606 636
606 607
607 637
607 608
608 609
608 638
609 610
609 639
610 611
610 640
611 612
611 641
612 613
612 642
613 614
613 643
614 615
614 644
615 616
615 645
616 617
616 646
617 618
617 647
618 619
618 648
619 620
619 649
620 621
620 650
621 622
621 651
622 623
622 652
623 624
623 653
624 625
624 654
625 626
625 655
626 627
626 656
627 628
627 657
628 629
628 658
629 630
629 659
630 660
631 632
631 661
631 660
632 633
632 662
633 634
633 663
634 635
634 664
635 636
635 665
636 637
636 666
637 638
637 667
638 639
638 668
639 640
639 669
640 641
640 670
641 642
641 671
642 643
642 672
643 673
643 644
644 674
644 645
645 675
645 646
646 676
646 647
647 677
647 648
648 678
648 649
649 679
649 650
650 680
650 651
651 681
651 652
652 682
652 653
653 683
653 654
654 684
654 655
655 685
655 656
656 686
656 657
657 687
657 658
658 688
658 659
659 689
659 660
660 690
661 691
661 690
661 662
662 692
662 663
663 693
663 664
664 694
664 665
665 695
665 666
666 696
666 667
667 697
667 668
668 698
668 669
669 699
669 670
670 700
670 671
671 701
671 672
672 673
672 702
673 674
673 703
674 675
674 704
675 676
675 705
676 677
676 706
677 678
677 707
678 679
678 708
679 680
679 709
680 681
680 710
681 682
681 711
682 683
682 712
683 684
683 713
684 685
684 714
685 686
685 715
686 687
686 716
687 688
687 717
688 689
688 718
689 690
689 719
690 720
691 692
691 720
691 721
692 693
692 722
693 694
693 723
694 695
694 724
695 696
695 725
696 697
696 726
697 698
697 727
698 699
698 728
699 700
699 729
700 701
700 730
701 702
701 731
702 703
702 732
703 704
703 733
704 705
704 734
705 706
705 735
706 707
706 736
707 737
707 708
708 738
708 709
709 739
709 710
710 740
710 711
711 741
711 712
712 742
712 713
713 743
713 714
714 744
714 715
715 745
715 716
716 746
716 717
717 747
717 718
718 748
718 719
719 749
719 720
720 750
721 751
721 750
721 722
722 752
722 723
723 753
723 724
724 754
724 725
725 755
725 726
726 756
726 727
727 757
727 728
728 758
728 729
729 759
729 730
730 760
730 731
731 761
731 732
732 762
732 733
733 763
733 734
734 764
734 735
735 765
735 736
736 737
736 766
737 738
737 767
738 739
738 768
739 740
739 769
740 741
740 770
741 742
741 771
742 743
742 772
743 744
743 773
744 745
744 774
745 746
745 775
746 747
746 776
747 748
747 777
748 749
748 778
749 750
749 779
750 780
751 752
751 781
751 780
752 753
752 782
753 754
753 783
754 755
754 784
755 756
755 785
756 757
756 786
757 758
757 787
758 759
758 788
759 760
759 789
760 761
760 790
761 762
761 791
762 763
762 792
763 764
763 793
764 765
764 794
765 766
765 795
766 767
766 796
767 768
767 797
768 798
768 769
769 799
769 770
770 800
770 771
771 801
771 772
772 802
772 773
773 803
773 774
774 804
774 775
775 805
775 776
776 806
776 777
777 807
777 778
778 808
778 779
779 809
779 780
780 810
781 810
781 811
781 782
782 812
782 783
783 813
783 784
784 814
784 785
785 815
785 786
786 816
786 787
787 817
787 788
788 818
788 789
789 819
789 790
790 820
790 791
791 821
791 792
792 822
792 793
793 823
793 794
794 824
794 795
795 825
795 796
796 826
796 797
797 827
797 798
798 828
798 799
799 829
799 800
800 830
800 801
801 831
801 802
802 832
802 803
803 804
803 833
804 805
804 834
805 806
805 835
806 807
806 836
807 808
807 837
808 809
808 838
809 810
809 839
810 840
811 812
811 840
811 841
812 813
812 842
813 814
813 843
814 815
814 844
815 816
815 845
816 817
816 846
817 818
817 847
818 819
818 848
819 820
819 849
820 821
820 850
821 822
821 851
822 823
822 852
823 824
823 853
824 825
824 854
825 826
825 855
826 827
826 856
827 828
827 857
828 829
828 858
829 830
829 859
830 831
830 860
831 832
831 861
832 862
832 833
833 863
833 834
834 864
834 835
835 865
835 836
836 866
836 837
837 867
837 838
838 868
838 839
839 869
839 840
840 870
841 870
841 871
841 842
842 872
842 843
843 873
843 844
844 874
844 845
845 875
845 846
846 876
846 847
847 877
847 848
848 878
848 849
849 879
849 850
850 880
850 851
851 881
851 852
852 882
852 853
853 883
853 854
854 884
854 855
855 885
855 856
856 886
856 857
857 887
857 858
858 888
858 859
859 889
859 860
860 890
860 861
861 891
861 862
862 892
862 863
863 893
863 864
864 894
864 865
865 895
865 866
866 896
866 867
867 868
867 897
868 869
868 898
869 870
869 899
870 900
871 872
871 900
872 873
873 874
874 875
875 876
876 877
877 878
878 879
879 880
880 881
881 882
882 883
883 884
884 885
885 886
886 887
887 888
888 889
889 890
890 891
891 892
892 893
893 894
894 895
895 896
896 897
897 898
898 899
899 900
