
1600 1600 3200
1 2
1 40
1 41
1 1561
2 3
2 42
2 1562
3 4
3 43
3 1563
4 5
4 44
4 1564
5 6
5 45
5 1565
6 7
6 46
6 1566
7 8
7 47
7 1567
8 9
8 48
8 1568
9 10
9 49
9 1569
10 11
10 50
10 1570
11 12
11 51
11 1571
12 13
12 52
12 1572
13 14
13 53
13 1573
14 15
14 54
14 1574
15 16
15 55
15 1575
16 17
16 56
16 1576
17 18
17 57
17 1577
18 19
18 58
18 1578
19 20
19 59
19 1579
20 21
20 60
20 1580
21 22
21 61
21 1581
22 23
22 62
22 1582
23 24
23 63
23 1583
24 25
24 64
24 1584
25 26
25 65
25 1585
26 27
26 66
26 1586
27 28
27 67
27 1587
28 29
28 68
28 1588
29 30
29 69
29 1589
30 31
30 70
30 1590
31 32
31 71
31 1591
32 33
32 72
32 1592
33 34
33 73
33 1593
34 35
34 74
34 1594
35 36
35 75
35 1595
36 37
36 76
36 1596
37 38
37 77
37 1597
38 39
38 78
38 1598
39 40
39 79
39 1599
40 80
40 1600
41 42
41 80
41 81
42 43
42 82
43 44
43 83
44 45
44 84
45 46
45 85
46 47
46 86
47 48
47 87
48 49
48 88
49 50
49 89
50 51
50 90
51 52
51 91
52 53
52 92
53 54
53 93
54 55
54 94
55 56
55 95
56 57
56 96
57 58
57 97
58 59
58 98
59 60
59 99
60 61
60 100
61 62
61 101
62 63
62 102
63 64
63 103
64 65
64 104
65 66
65 105
66 67
66 106
67 68
67 107
68 69
68 108
69 70
69 109
70 71
70 110
71 72
71 111
72 73
72 112
73 74
73 113
74 75
74 114
75 76
75 115
76 77
76 116
77 78
77 117
78 79
78 118
79 80
79 119
80 120
81 82
81 120
81 121
82 83
82 122
83 84
83 123
84 85
84 124
85 86
85 125
86 87
86 126
87 88
87 127
88 89
88 128
89 90
89 129
90 91
90 130
91 92
91 131
92 93
92 132
93 94
93 133
94 95
94 134
95 96
95 135
96 97
96 136
97 98
97 137
98 99
98 138
99 100
99 139
100 101
100 140
101 102
101 141
102 103
102 142
103 104
103 143
104 105
104 144
105 106
105 145
106 107
106 146
107 108
107 147
108 109
108 148
109 110
109 149
110 111
110 150
111 112
111 151
112 113
112 152
113 114
113 153
114 115
114 154
115 116
115 155
116 117
116 156
117 118
117 157
118 119
118 158
119 120
119 159
120 160
121 122
121 160
121 161
122 123
122 162
123 124
123 163
124 125
124 164
125 126
125 165
126 127
126 166
127 128
127 167
128 129
128 168
129 130
129 169
130 131
130 170
131 132
131 171
132 133
132 172
133 134
133 173
134 135
134 174
135 136
135 175
136 137
136 176
137 138
137 177
138 139
138 178
139 140
139 179
140 141
140 180
141 142
141 181
142 143
142 182
143 144
143 183
144 145
144 184
145 146
145 185
146 147
146 186
147 148
147 187
148 149
148 188
149 150
149 189
150 151
150 190
151 152
151 191
152 153
152 192
153 154
153 193
154 155
154 194
155 156
155 195
156 157
156 196
157 158
157 197
158 159
158 198
159 160
159 199
160 200
161 162
161 201
161 200
162 163
162 202
163 164
163 203
164 165
164 204
165 166
165 205
166 167
166 206
167 168
167 207
168 169
168 208
169 170
169 209
170 171
170 210
171 172
171 211
172 173
172 212
173 174
173 213
174 175
174 214
175 176
175 215
176 177
176 216
177 178
177 217
178 179
178 218
179 180
179 219
180 181
180 220
181 182
181 221
182 183
182 222
183 184
183 223
184 185
184 224
185 186
185 225
186 187
186 226
187 188
187 227
188 189
188 228
189 190
189 229
190 191
190 230
191 192
191 231
192 193
192 232
193 194
193 233
194 195
194 234
195 196
195 235
196 197
196 236
197 198
197 237
198 199
198 238
199 200
199 239
200 240
201 202
201 240
201 241
202 203
202 242
203 204
203 243
204 205
204 244
205 206
205 245
206 207
206 246
207 208
207 247
208 209
208 248
209 210
209 249
210 211
210 250
211 212
211 251
212 213
212 252
213 214
213 253
214 215
214 254
215 216
215 255
216 217
216 256
217 218
217 257
218 219
218 258
219 220
219 259
220 221
220 260
221 222
221 261
222 223
222 262
223 224
223 263
224 225
224 264
225 226
225 265
226 227
226 266
227 228
227 267
228 229
228 268
229 230
229 269
230 231
230 270
231 232
231 271
232 233
232 272
233 234
233 273
234 235
234 274
235 236
235 275
236 237
236 276
237 238
237 277
238 239
238 278
239 240
239 279
240 280
241 242
241 280
241 281
242 243
242 282
243 244
243 283
244 245
244 284
245 246
245 285
246 247
246 286
247 248
247 287
248 249
248 288
249 250
249 289
250 251
250 290
251 252
251 291
252 253
252 292
253 254
253 293
254 255
254 294
255 256
255 295
256 257
256 296
257 258
257 297
258 259
258 298
259 260
259 299
260 261
260 300
261 262
261 301
262 263
262 302
263 264
263 303
264 265
264 304
265 266
265 305
266 267
266 306
267 268
267 307
268 269
268 308
269 270
269 309
270 271
270 310
271 272
271 311
272 273
272 312
273 274
273 313
274 275
274 314
275 276
275 315
276 277
276 316
277 278
277 317
278 279
278 318
279 280
279 319
280 320
281 282
281 320
281 321
282 283
282 322
283 284
283 323
284 285
284 324
285 286
285 325
286 287
286 326
287 288
287 327
288 289
288 328
289 290
289 329
290 291
290 330
291 292
291 331
292 293
292 332
293 294
293 333
294 295
294 334
295 296
295 335
296 297
296 336
297 298
297 337
298 299
298 338
299 300
299 339
300 301
300 340
301 302
301 341
302 303
302 342
303 304
303 343
304 305
304 344
305 306
305 345
306 307
306 346
307 308
307 347
308 309
308 348
309 310
309 349
310 311
310 350
311 312
311 351
312 313
312 352
313 314
313 353
314 315
314 354
315 316
315 355
316 317
316 356
317 318
317 357
318 319
318 358
319 320
319 359
320 360
321 322
321 360
321 361
322 323
322 362
323 324
323 363
324 325
324 364
325 326
325 365
326 327
326 366
327 328
327 367
328 329
328 368
329 330
329 369
330 331
330 370
331 332
331 371
332 333
332 372
333 334
333 373
334 335
334 374
335 336
335 375
336 337
336 376
337 338
337 377
338 339
338 378
339 340
339 379
340 341
340 380
341 342
341 381
342 343
342 382
343 344
343 383
344 345
344 384
345 346
345 385
346 347
346 386
347 348
347 387
348 349
348 388
349 350
349 389
350 351
350 390
351 352
351 391
352 353
352 392
353 354
353 393
354 355
354 394
355 356
355 395
356 357
356 396
357 358
357 397
358 359
358 398
359 360
359 399
360 400
361 362
361 401
361 400
362 363
362 402
363 364
363 403
364 365
364 404
365 366
365 405
366 367
366 406
367 368
367 407
368 369
368 408
369 370
369 409
370 371
370 410
371 372
371 411
372 373
372 412
373 374
373 413
374 375
374 414
375 376
375 415
376 377
376 416
377 378
377 417
378 379
378 418
379 380
379 419
380 381
380 420
381 382
381 421
382 383
382 422
383 384
383 423
384 385
384 424
385 386
385 425
386 387
386 426
387 388
387 427
388 389
388 428
389 390
389 429
390 391
390 430
391 392
391 431
392 393
392 432
393 394
393 433
394 395
394 434
395 396
395 435
396 397
396 436
397 398
397 437
398 399
398 438
399 400
399 439
400 440
401 402
401 441
401 440
402 403
402 442
403 404
403 443
404 405
404 444
405 406
405 445
406 407
406 446
407 408
407 447
408 409
408 448
409 410
409 449
410 411
410 450
411 412
411 451
412 413
412 452
413 414
413 453
414 415
414 454
415 416
415 455
416 417
416 456
417 418
417 457
418 419
418 458
419 420
419 459
420 421
420 460
421 422
421 461
422 423
422 462
423 424
423 463
424 425
424 464
425 426
425 465
426 427
426 466
427 428
427 467
428 429
428 468
429 430
429 469
430 431
430 470
431 432
431 471
432 433
432 472
433 434
433 473
434 435
434 474
435 436
435 475
436 437
436 476
437 438
437 477
438 439
438 478
439 440
439 479
440 480
441 442
441 480
441 481
442 443
442 482
443 444
443 483
444 445
444 484
445 446
445 485
446 447
446 486
447 448
447 487
448 449
448 488
449 450
449 489
450 451
450 490
451 452
451 491
452 453
452 492
453 454
453 493
454 455
454 494
455 456
455 495
456 457
456 496
457 458
457 497
458 459
458 498
459 460
459 499
460 461
460 500
461 462
461 501
462 463
462 502
463 464
463 503
464 465
464 504
465 466
465 505
466 467
466 506
467 468
467 507
468 469
468 508
469 470
469 509
470 471
470 510
471 472
471 511
472 473
472 512
473 474
473 513
474 475
474 514
475 476
475 515
476 477
476 516
477 478
477 517
478 479
478 518
479 480
479 519
480 520
481 482
481 520
481 521
482 483
482 522
483 484
483 523
484 485
484 524
485 486
485 525
486 487
486 526
487 488
487 527
488 489
488 528
489 490
489 529
490 491
490 530
491 492
491 531
492 493
492 532
493 494
493 533
494 495
494 534
495 496
495 535
496 497
496 536
497 498
497 537
498 499
498 538
499 500
499 539
500 501
500 540
501 502
501 541
502 503
502 542
503 504
503 543
504 505
504 544
505 506
505 545
506 507
506 546
507 508
507 547
508 509
508 548
509 510
509 549
510 511
510 550
511 512
511 551
512 552
512 513
513 553
513 514
514 554
514 515
515 555
515 516
516 556
516 517
517 557
517 518
518 558
518 519
519 559
519 520
520 560
521 560
521 561
521 522
522 562
522 523
523 563
523 524
524 564
524 525
525 565
525 526
526 566
526 527
527 567
527 528
528 568
528 529
529 569
529 530
530 570
530 531
531 571
531 532
532 572
532 533
533 573
533 534
534 574
534 535
535 575
535 536
536 576
536 537
537 538
537 577
538 539
538 578
539 540
539 579
540 541
540 580
541 542
541 581
542 543
542 582
543 544
543 583
544 545
544 584
545 546
545 585
546 547
546 586
547 548
547 587
548 549
548 588
549 550
549 589
550 551
550 590
551 552
551 591
552 553
552 592
553 554
553 593
554 555
554 594
555 556
555 595
556 557
556 596
557 558
557 597
558 559
558 598
559 560
559 599
560 600
561 562
561 600
561 601
562 563
562 602
563 564
563 603
564 565
564 604
565 566
565 605
566 567
566 606
567 568
567 607
568 569
568 608
569 570
569 609
570 571
570 610
571 572
571 611
572 573
572 612
573 574
573 613
574 575
574 614
575 576
575 615
576 616
576 577
577 617
577 578
578 618
578 579
579 619
579 580
580 620
580 581
581 621
581 582
582 622
582 583
583 623
583 584
584 624
584 585
585 625
585 586
586 626
586 587
587 627
587 588
588 628
588 589
589 629
589 590
590 630
590 591
591 631
591 592
592 632
592 593
593 633
593 594
594 634
594 595
595 635
595 596
596 636
596 597
597 637
597 598
598 638
598 599
599 639
599 600
600 640
601 640
601 602
601 641
602 603
602 642
603 604
603 643
604 605
604 644
605 606
605 645
606 607
606 646
607 608
607 647
608 609
608 648
609 610
609 649
610 611
610 650
611 612
611 651
612 613
612 652
613 614
613 653
614 615
614 654
615 616
615 655
616 617
616 656
617 618
617 657
618 619
618 658
619 620
619 659
620 621
620 660
621 622
621 661
622 623
622 662
623 624
623 663
624 625
624 664
625 626
625 665
626 627
626 666
627 628
627 667
628 629
628 668
629 630
629 669
630 631
630 670
631 632
631 671
632 633
632 672
633 634
633 673
634 635
634 674
635 636
635 675
636 637
636 676
637 638
637 677
638 639
638 678
639 640
639 679
640 680
641 681
641 680
641 642
642 682
642 643
643 683
643 644
644 684
644 645
645 685
645 646
646 686
646 647
647 687
647 648
648 688
648 649
649 689
649 650
650 690
650 651
651 691
651 652
652 692
652 653
653 693
653 654
654 694
654 655
655 695
655 656
656 696
656 657
657 697
657 658
658 698
658 659
659 699
659 660
660 700
660 661
661 701
661 662
662 702
662 663
663 703
663 664
664 704
664 665
665 666
665 705
666 667
666 706
667 668
667 707
668 669
668 708
669 670
669 709
670 671
670 710
671 672
671 711
672 673
672 712
673 674
673 713
674 675
674 714
675 676
675 715
676 677
676 716
677 678
677 717
678 679
678 718
679 680
679 719
680 720
681 682
681 720
681 721
682 683
682 722
683 684
683 723
684 685
684 724
685 686
685 725
686 687
686 726
687 688
687 727
688 689
688 728
689 690
689 729
690 691
690 730
691 692
691 731
692 693
692 732
693 694
693 733
694 695
694 734
695 696
695 735
696 697
696 736
697 698
697 737
698 699
698 738
699 700
699 739
700 701
700 740
701 702
701 741
702 703
702 742
703 704
703 743
704 744
704 705
705 745
705 706
706 746
706 707
707 747
707 708
708 748
708 709
709 749
709 710
710 750
710 711
711 751
711 712
712 752
712 713
713 753
713 714
714 754
714 715
715 755
715 716
716 756
716 717
717 757
717 718
718 758
718 719
719 759
719 720
720 760
721 761
721 760
721 722
722 762
722 723
723 763
723 724
724 764
724 725
725 765
725 726
726 766
726 727
727 767
727 728
728 768
728 729
729 730
729 769
730 731
730 770
731 732
731 771
732 733
732 772
733 734
733 773
734 735
734 774
735 736
735 775
736 737
736 776
737 738
737 777
738 739
738 778
739 740
739 779
740 741
740 780
741 742
741 781
742 743
742 782
743 744
743 783
744 745
744 784
745 746
745 785
746 747
746 786
747 748
747 787
748 749
748 788
749 750
749 789
750 751
750 790
751 752
751 791
752 753
752 792
753 754
753 793
754 755
754 794
755 756
755 795
756 757
756 796
757 758
757 797
758 759
758 798
759 760
759 799
760 800
761 762
761 801
761 800
762 763
762 802
763 764
763 803
764 765
764 804
765 766
765 805
766 767
766 806
767 768
767 807
768 808
768 769
769 809
769 770
770 810
770 771
771 811
771 772
772 812
772 773
773 813
773 774
774 814
774 775
775 815
775 776
776 816
776 777
777 817
777 778
778 818
778 779
779 819
779 780
780 820
780 781
781 821
781 782
782 822
782 783
783 823
783 784
784 824
784 785
785 825
785 786
786 826
786 787
787 827
787 788
788 828
788 789
789 829
789 790
790 830
790 791
791 831
791 792
792 832
792 793
793 794
793 833
794 795
794 834
795 796
795 835
796 797
796 836
797 798
797 837
798 799
798 838
799 800
799 839
800 840
801 802
801 840
801 841
802 803
802 842
803 804
803 843
804 805
804 844
805 806
805 845
806 807
806 846
807 808
807 847
808 809
808 848
809 810
809 849
810 811
810 850
811 812
811 851
812 813
812 852
813 814
813 853
814 815
814 854
815 816
815 855
816 817
816 856
817 818
817 857
818 819
818 858
819 820
819 859
820 821
820 860
821 822
821 861
822 823
822 862
823 824
823 863
824 825
824 864
825 826
825 865
826 827
826 866
827 828
827 867
828 829
828 868
829 830
829 869
830 831
830 870
831 832
831 871
832 872
832 833
833 873
833 834
834 874
834 835
835 875
835 836
836 876
836 837
837 877
837 838
838 878
838 839
839 879
839 840
840 880
841 881
841 880
841 842
842 882
842 843
843 883
843 844
844 884
844 845
845 885
845 846
846 886
846 847
847 887
847 848
848 888
848 849
849 889
849 850
850 890
850 851
851 891
851 852
852 892
852 853
853 893
853 854
854 894
854 855
855 895
855 856
856 896
856 857
857 858
857 897
858 859
858 898
859 860
859 899
860 861
860 900
861 862
861 901
862 863
862 902
863 864
863 903
864 865
864 904
865 866
865 905
866 867
866 906
867 868
867 907
868 869
868 908
869 870
869 909
870 871
870 910
871 872
871 911
872 873
872 912
873 874
873 913
874 875
874 914
875 876
875 915
876 877
876 916
877 878
877 917
878 879
878 918
879 880
879 919
880 920
881 882
881 921
881 920
882 883
882 922
883 884
883 923
884 885
884 924
885 886
885 925
886 887
886 926
887 888
887 927
888 889
888 928
889 890
889 929
890 891
890 930
891 892
891 931
892 893
892 932
893 894
893 933
894 895
894 934
895 896
895 935
896 936
896 897
897 937
897 898
898 938
898 899
899 939
899 900
900 940
900 901
901 941
901 902
902 942
902 903
903 943
903 904
904 944
904 905
905 945
905 906
906 946
906 907
907 947
907 908
908 948
908 909
909 949
909 910
910 950
910 911
911 951
911 912
912 952
912 913
913 953
913 914
914 954
914 915
915 955
915 916
916 956
916 917
917 957
917 918
918 958
918 919
919 959
919 920
920 960
921 960
921 922
921 961
922 923
922 962
923 924
923 963
924 925
924 964
925 926
925 965
926 927
926 966
927 928
927 967
928 929
928 968
929 930
929 969
930 931
930 970
931 932
931 971
932 933
932 972
933 934
933 973
934 935
934 974
935 936
935 975
936 937
936 976
937 938
937 977
938 939
938 978
939 940
939 979
940 941
940 980
941 942
941 981
942 943
942 982
943 944
943 983
944 945
944 984
945 946
945 985
946 947
946 986
947 948
947 987
948 949
948 988
949 950
949 989
950 951
950 990
951 952
951 991
952 953
952 992
953 954
953 993
954 955
954 994
955 956
955 995
956 957
956 996
957 958
957 997
958 959
958 998
959 960
959 999
960 1000
961 1001
961 1000
961 962
962 1002
962 963
963 1003
963 964
964 1004
964 965
965 1005
965 966
966 1006
966 967
967 1007
967 968
968 1008
968 969
969 1009
969 970
970 1010
970 971
971 1011
971 972
972 1012
972 973
973 1013
973 974
974 1014
974 975
975 1015
975 976
976 1016
976 977
977 1017
977 978
978 1018
978 979
979 1019
979 980
980 1020
980 981
981 1021
981 982
982 1022
982 983
983 1023
983 984
984 1024
984 985
985 986
985 1025
986 987
986 1026
987 988
987 1027
988 989
988 1028
989 990
989 1029
990 991
990 1030
991 992
991 1031
992 993
992 1032
993 994
993 1033
994 995
994 1034
995 996
995 1035
996 997
996 1036
997 998
997 1037
998 999
998 1038
999 1000
999 1039
1000 1040
1001 1002
1001 1040
1001 1041
1002 1003
1002 1042
1003 1004
1003 1043
1004 1005
1004 1044
1005 1006
1005 1045
1006 1007
1006 1046
1007 1008
1007 1047
1008 1009
1008 1048
1009 1010
1009 1049
1010 1011
1010 1050
1011 1012
1011 1051
1012 1013
1012 1052
1013 1014
1013 1053
1014 1015
1014 1054
1015 1016
1015 1055
1016 1017
1016 1056
1017 1018
1017 1057
1018 1019
1018 1058
1019 1020
1019 1059
1020 1021
1020 1060
1021 1022
1021 1061
1022 1023
1022 1062
1023 1024
1023 1063
1024 1025
1024 1064
1025 1026
1025 1065
1026 1027
1026 1066
1027 1028
1027 1067
1028 1029
1028 1068
1029 1030
1029 1069
1030 1031
1030 1070
1031 1032
1031 1071
1032 1033
1032 1072
1033 1034
1033 1073
1034 1035
1034 1074
1035 1036
1035 1075
1036 1037
1036 1076
1037 1038
1037 1077
1038 1039
1038 1078
1039 1040
1039 1079
1040 1080
1041 1042
1041 1081
1041 1080
1042 1043
1042 1082
1043 1044
1043 1083
1044 1045
1044 1084
1045 1046
1045 1085
1046 1047
1046 1086
1047 1048
1047 1087
1048 1049
1048 1088
1049 1089
1049 1050
1050 1090
1050 1051
1051 1091
1051 1052
1052 1092
1052 1053
1053 1093
1053 1054
1054 1094
1054 1055
1055 1095
1055 1056
1056 1096
1056 1057
1057 1097
1057 1058
1058 1098
1058 1059
1059 1099
1059 1060
1060 1100
1060 1061
1061 1101
1061 1062
1062 1102
1062 1063
1063 1103
1063 1064
1064 1104
1064 1065
1065 1105
1065 1066
1066 1106
1066 1067
1067 1107
1067 1068
1068 1108
1068 1069
1069 1109
1069 1070
1070 1110
1070 1071
1071 1111
1071 1072
1072 1112
1072 1073
1073 1113
1073 1074
1074 1114
1074 1075
1075 1115
1075 1076
1076 1116
1076 1077
1077 1117
1077 1078
1078 1118
1078 1079
1079 1119
1079 1080
1080 1120
1081 1120
1081 1121
1081 1082
1082 1122
1082 1083
1083 1123
1083 1084
1084 1124
1084 1085
1085 1125
1085 1086
1086 1126
1086 1087
1087 1127
1087 1088
1088 1089
1088 1128
1089 1090
1089 1129
1090 1091
1090 1130
1091 1092
1091 1131
1092 1093
1092 1132
1093 1094
1093 1133
1094 1095
1094 1134
1095 1096
1095 1135
1096 1097
1096 1136
1097 1098
1097 1137
1098 1099
1098 1138
1099 1100
1099 1139
1100 1101
1100 1140
1101 1102
1101 1141
1102 1103
1102 1142
1103 1104
1103 1143
1104 1105
1104 1144
1105 1106
1105 1145
1106 1107
1106 1146
1107 1108
1107 1147
1108 1109
1108 1148
1109 1110
1109 1149
1110 1111
1110 1150
1111 1112
1111 1151
1112 1113
1112 1152
1113 1114
1113 1153
1114 1115
1114 1154
1115 1116
1115 1155
1116 1117
1116 1156
1117 1118
1117 1157
1118 1119
1118 1158
1119 1120
1119 1159
1120 1160
1121 1122
1121 1160
1121 1161
1122 1123
1122 1162
1123 1124
1123 1163
1124 1125
1124 1164
1125 1126
1125 1165
1126 1127
1126 1166
1127 1128
1127 1167
1128 1129
1128 1168
1129 1130
1129 1169
1130 1131
1130 1170
1131 1132
1131 1171
1132 1133
1132 1172
1133 1134
1133 1173
1134 1135
1134 1174
1135 1136
1135 1175
1136 1137
1136 1176
1137 1138
1137 1177
1138 1139
1138 1178
1139 1140
1139 1179
1140 1141
1140 1180
1141 1142
1141 1181
1142 1143
1142 1182
1143 1144
1143 1183
1144 1145
1144 1184
1145 1146
1145 1185
1146 1147
1146 1186
1147 1148
1147 1187
1148 1149
1148 1188
1149 1150
1149 1189
1150 1151
1150 1190
1151 1152
1151 1191
1152 1153
1152 1192
1153 1154
1153 1193
1154 1155
1154 1194
1155 1156
1155 1195
1156 1157
1156 1196
1157 1158
1157 1197
1158 1159
1158 1198
1159 1160
1159 1199
1160 1200
1161 1162
1161 1200
1161 1201
1162 1163
1162 1202
1163 1164
1163 1203
1164 1165
1164 1204
1165 1166
1165 1205
1166 1167
1166 1206
1167 1168
1167 1207
1168 1169
1168 1208
1169 1170
1169 1209
1170 1171
1170 1210
1171 1172
1171 1211
1172 1173
1172 1212
1173 1174
1173 1213
1174 1175
1174 1214
1175 1176
1175 1215
1176 1177
1176 1216
1177 1217
1177 1178
1178 1218
1178 1179
1179 1219
1179 1180
1180 1220
1180 1181
1181 1221
1181 1182
1182 1222
1182 1183
1183 1223
1183 1184
1184 1224
1184 1185
1185 1225
1185 1186
1186 1226
1186 1187
1187 1227
1187 1188
1188 1228
1188 1189
1189 1229
1189 1190
1190 1230
1190 1191
1191 1231
1191 1192
1192 1232
1192 1193
1193 1233
1193 1194
1194 1234
1194 1195
1195 1235
1195 1196
1196 1236
1196 1197
1197 1237
1197 1198
1198 1238
1198 1199
1199 1239
1199 1200
1200 1240
1201 1240
1201 1241
1201 1202
1202 1242
1202 1203
1203 1243
1203 1204
1204 1244
1204 1205
1205 1245
1205 1206
1206 1246
1206 1207
1207 1247
1207 1208
1208 1248
1208 1209
1209 1249
1209 1210
1210 1250
1210 1211
1211 1251
1211 1212
1212 1252
1212 1213
1213 1253
1213 1214
1214 1254
1214 1215
1215 1255
1215 1216
1216 1217
1216 1256
1217 1218
1217 1257
1218 1219
1218 1258
1219 1220
1219 1259
1220 1221
1220 1260
1221 1222
1221 1261
1222 1223
1222 1262
1223 1224
1223 1263
1224 1225
1224 1264
1225 1226
1225 1265
1226 1227
1226 1266
1227 1228
1227 1267
1228 1229
1228 1268
1229 1230
1229 1269
1230 1231
1230 1270
1231 1232
1231 1271
1232 1233
1232 1272
1233 1234
1233 1273
1234 1235
1234 1274
1235 1236
1235 1275
1236 1237
1236 1276
1237 1238
1237 1277
1238 1239
1238 1278
1239 1240
1239 1279
1240 1280
1241 1242
1241 1280
1241 1281
1242 1243
1242 1282
1243 1244
1243 1283
1244 1245
1244 1284
1245 1246
1245 1285
1246 1247
1246 1286
1247 1248
1247 1287
1248 1249
1248 1288
1249 1250
1249 1289
1250 1251
1250 1290
1251 1252
1251 1291
1252 1253
1252 1292
1253 1254
1253 1293
1254 1255
1254 1294
1255 1256
1255 1295
1256 1257
1256 1296
1257 1258
1257 1297
1258 1259
1258 1298
1259 1260
1259 1299
1260 1261
1260 1300
1261 1262
1261 1301
1262 1263
1262 1302
1263 1264
1263 1303
1264 1265
1264 1304
1265 1266
1265 1305
1266 1267
1266 1306
1267 1268
1267 1307
1268 1269
1268 1308
1269 1270
1269 1309
1270 1271
1270 1310
1271 1272
1271 1311
1272 1273
1272 1312
1273 1274
1273 1313
1274 1275
1274 1314
1275 1276
1275 1315
1276 1277
1276 1316
1277 1278
1277 1317
1278 1279
1278 1318
1279 1280
1279 1319
1280 1320
1281 1282
1281 1321
1281 1320
1282 1283
1282 1322
1283 1284
1283 1323
1284 1285
1284 1324
1285 1286
1285 1325
1286 1287
1286 1326
1287 1288
1287 1327
1288 1289
1288 1328
1289 1290
1289 1329
1290 1291
1290 1330
1291 1292
1291 1331
1292 1293
1292 1332
1293 1294
1293 1333
1294 1295
1294 1334
1295 1296
1295 1335
1296 1297
1296 1336
1297 1298
1297 1337
1298 1299
1298 1338
1299 1300
1299 1339
1300 1301
1300 1340
1301 1302
1301 1341
1302 1303
1302 1342
1303 1304
1303 1343
1304 1305
1304 1344
1305 1345
1305 1306
1306 1346
1306 1307
1307 1347
1307 1308
1308 1348
1308 1309
1309 1349
1309 1310
1310 1350
1310 1311
1311 1351
1311 1312
1312 1352
1312 1313
1313 1353
1313 1314
1314 1354
1314 1315
1315 1355
1315 1316
1316 1356
1316 1317
1317 1357
1317 1318
1318 1358
1318 1319
1319 1359
1319 1320
1320 1360
1321 1361
1321 1360
1321 1322
1322 1362
1322 1323
1323 1363
1323 1324
1324 1364
1324 1325
1325 1365
1325 1326
1326 1366
1326 1327
1327 1367
1327 1328
1328 1368
1328 1329
1329 1369
1329 1330
1330 1370
1330 1331
1331 1371
1331 1332
1332 1372
1332 1333
1333 1373
1333 1334
1334 1374
1334 1335
1335 1375
1335 1336
1336 1376
1336 1337
1337 1377
1337 1338
1338 1378
1338 1339
1339 1379
1339 1340
1340 1380
1340 1341
1341 1381
1341 1342
1342 1382
1342 1343
1343 1383
1343 1344
1344 1345
1344 1384
1345 1346
1345 1385
1346 1347
1346 1386
1347 1348
1347 1387
1348 1349
1348 1388
1349 1350
1349 1389
1350 1351
1350 1390
1351 1352
1351 1391
1352 1353
1352 1392
1353 1354
1353 1393
1354 1355
1354 1394
1355 1356
1355 1395
1356 1357
1356 1396
1357 1358
1357 1397
1358 1359
1358 1398
1359 1360
1359 1399
1360 1400
1361 1362
1361 1401
1361 1400
1362 1363
1362 1402
1363 1364
1363 1403
1364 1365
1364 1404
1365 1366
1365 1405
1366 1367
1366 1406
1367 1368
1367 1407
1368 1369
1368 1408
1369 1370
1369 1409
1370 1371
1370 1410
1371 1372
1371 1411
1372 1373
1372 1412
1373 1374
1373 1413
1374 1375
1374 1414
1375 1376
1375 1415
1376 1377
1376 1416
1377 1378
1377 1417
1378 1379
1378 1418
1379 1380
1379 1419
1380 1381
1380 1420
1381 1382
1381 1421
1382 1383
1382 1422
1383 1384
1383 1423
1384 1385
1384 1424
1385 1386
1385 1425
1386 1387
1386 1426
1387 1388
1387 1427
1388 1389
1388 1428
1389 1390
1389 1429
1390 1391
1390 1430
1391 1392
1391 1431
1392 1393
1392 1432
1393 1394
1393 1433
1394 1395
1394 1434
1395 1396
1395 1435
1396 1397
1396 1436
1397 1398
1397 1437
1398 1399
1398 1438
1399 1400
1399 1439
1400 1440
1401 1402
1401 1440
1401 1441
1402 1403
1402 1442
1403 1404
1403 1443
1404 1405
1404 1444
1405 1406
1405 1445
1406 1407
1406 1446
1407 1408
1407 1447
1408 1409
1408 1448
1409 1410
1409 1449
1410 1411
1410 1450
1411 1412
1411 1451
1412 1413
1412 1452
1413 1414
1413 1453
1414 1415
1414 1454
1415 1416
1415 1455
1416 1417
1416 1456
1417 1418
1417 1457
1418 1419
1418 1458
1419 1420
1419 1459
1420 1421
1420 1460
1421 1422
1421 1461
1422 1423
1422 1462
1423 1424
1423 1463
1424 1425
1424 1464
1425 1426
1425 1465
1426 1427
1426 1466
1427 1428
1427 1467
1428 1429
1428 1468
1429 1430
1429 1469
1430 1431
1430 1470
1431 1432
1431 1471
1432 1433
1432 1472
1433 1473
1433 1434
1434 1474
1434 1435
1435 1475
1435 1436
1436 1476
1436 1437
1437 1477
1437 1438
1438 1478
1438 1439
1439 1479
1439 1440
1440 1480
1441 1480
1441 1481
1441 1442
1442 1482
1442 1443
1443 1483
1443 1444
1444 1484
1444 1445
1445 1485
1445 1446
1446 1486
1446 1447
1447 1487
1447 1448
1448 1488
1448 1449
1449 1489
1449 1450
1450 1490
1450 1451
1451 1491
1451 1452
1452 1492
1452 1453
1453 1493
1453 1454
1454 1494
1454 1455
1455 1495
1455 1456
1456 1496
1456 1457
1457 1497
1457 1458
1458 1498
1458 1459
1459 1499
1459 1460
1460 1500
1460 1461
1461 1501
1461 1462
1462 1502
1462 1463
1463 1503
1463 1464
1464 1504
1464 1465
1465 1505
1465 1466
1466 1506
1466 1467
1467 1507
1467 1468
1468 1508
1468 1469
1469 1509
1469 1470
1470 1510
1470 1471
1471 1511
1471 1472
1472 1473
1472 1512
1473 1474
1473 1513
1474 1475
1474 1514
1475 1476
1475 1515
1476 1477
1476 1516
1477 1478
1477 1517
1478 1479
1478 1518
1479 1480
1479 1519
1480 1520
1481 1482
1481 1521
1481 1520
1482 1483
1482 1522
1483 1484
1483 1523
1484 1485
1484 1524
1485 1486
1485 1525
1486 1487
1486 1526
1487 1488
1487 1527
1488 1489
1488 1528
1489 1490
1489 1529
1490 1491
1490 1530
1491 1492
1491 1531
1492 1493
1492 1532
1493 1494
1493 1533
1494 1495
1494 1534
1495 1496
1495 1535
1496 1497
1496 1536
1497 1498
1497 1537
1498 1499
1498 1538
1499 1500
1499 1539
1500 1501
1500 1540
1501 1502
1501 1541
1502 1503
1502 1542
1503 1504
1503 1543
1504 1505
1504 1544
1505 1506
1505 1545
1506 1507
1506 1546
1507 1508
1507 1547
1508 1509
1508 1548
1509 1510
1509 1549
1510 1511
1510 1550
1511 1512
1511 1551
1512 1513
1512 1552
1513 1514
1513 1553
1514 1515
1514 1554
1515 1516
1515 1555
1516 1517
1516 1556
1517 1518
1517 1557
1518 1519
1518 1558
1519 1520
1519 1559
1520 1560
1521 1522
1521 1561
1521 1560
1522 1523
1522 1562
1523 1524
1523 1563
1524 1525
1524 1564
1525 1526
1525 1565
1526 1527
1526 1566
1527 1528
1527 1567
1528 1529
1528 1568
1529 1530
1529 1569
1530 1531
1530 1570
1531 1532
1531 1571
1532 1533
1532 1572
1533 1534
1533 1573
1534 1535
1534 1574
1535 1536
1535 1575
1536 1576
1536 1537
1537 1577
1537 1538
1538 1578
1538 1539
1539 1579
1539 1540
1540 1580
1540 1541
1541 1581
1541 1542
1542 1582
1542 1543
1543 1583
1543 1544
1544 1584
1544 1545
1545 1585
1545 1546
1546 1586
1546 1547
1547 1587
1547 1548
1548 1588
1548 1549
1549 1589
1549 1550
1550 1590
1550 1551
1551 1591
1551 1552
1552 1592
1552 1553
1553 1593
1553 1554
1554 1594
1554 1555
1555 1595
1555 1556
1556 1596
1556 1557
1557 1597
1557 1558
1558 1598
1558 1559
1559 1599
1559 1560
1560 1600
1561 1600
1561 1562
1562 1563
1563 1564
1564 1565
1565 1566
1566 1567
1567 1568
1568 1569
1569 1570
1570 1571
1571 1572
1572 1573
1573 1574
1574 1575
1575 1576
1576 1577
1577 1578
1578 1579
1579 1580
1580 1581
1581 1582
1582 1583
1583 1584
1584 1585
1585 1586
1586 1587
1587 1588
1588 1589
1589 1590
1590 1591
1591 1592
1592 1593
1593 1594
1594 1595
1595 1596
1596 1597
1597 1598
1598 1599
1599 1600
