
961 961 1922
1 2
1 32
1 31
1 931
2 3
2 33
2 932
3 4
3 34
3 933
4 5
4 35
4 934
5 6
5 36
5 935
6 7
6 37
6 936
7 8
7 38
7 937
8 9
8 39
8 938
9 10
9 40
9 939
10 11
10 41
10 940
11 12
11 42
11 941
12 13
12 43
12 942
13 14
13 44
13 943
14 15
14 45
14 944
15 16
15 46
15 945
16 17
16 47
16 946
17 18
17 48
17 947
18 19
18 49
18 948
19 20
19 50
19 949
20 21
20 51
20 950
21 22
21 52
21 951
22 23
22 53
22 952
23 24
23 54
23 953
24 25
24 55
24 954
25 26
25 56
25 955
26 27
26 57
26 956
27 28
27 58
27 957
28 29
28 59
28 958
29 30
29 60
29 959
30 31
30 61
30 960
31 62
31 961
32 33
32 63
32 62
33 34
33 64
34 35
34 65
35 36
35 66
36 37
36 67
37 38
37 68
38 39
38 69
39 40
39 70
40 41
40 71
41 42
41 72
42 43
42 73
43 44
43 74
44 45
44 75
45 46
45 76
46 47
46 77
47 48
47 78
48 49
48 79
49 50
49 80
50 51
50 81
51 52
51 82
52 53
52 83
53 54
53 84
54 55
54 85
55 56
55 86
56 57
56 87
57 58
57 88
58 59
58 89
59 60
59 90
60 61
60 91
61 62
61 92
62 93
63 64
63 94
63 93
64 65
64 95
65 66
65 96
66 67
66 97
67 68
67 98
68 69
68 99
69 70
69 100
70 71
70 101
71 72
71 102
72 73
72 103
73 74
73 104
74 75
74 105
75 76
75 106
76 77
76 107
77 78
77 108
78 79
78 109
79 80
79 110
80 81
80 111
81 82
81 112
82 83
82 113
83 84
83 114
84 85
84 115
85 86
85 116
86 87
86 117
87 88
87 118
88 89
88 119
89 90
89 120
90 91
90 121
91 92
91 122
92 93
92 123
93 124
94 95
94 125
94 124
95 96
95 126
96 97
96 127
97 98
97 128
98 99
98 129
99 100
99 130
100 101
100 131
101 102
101 132
102 103
102 133
103 104
103 134
104 105
104 135
105 106
105 136
106 107
106 137
107 108
107 138
108 109
108 139
109 110
109 140
110 111
110 141
111 112
111 142
112 113
112 143
113 114
113 144
114 115
114 145
115 116
115 146
116 117
116 147
117 118
117 148
118 119
118 149
119 120
119 150
120 121
120 151
121 122
121 152
122 123
122 153
123 124
123 154
124 155
125 126
125 155
125 156
126 127
126 157
127 128
127 158
128 129
128 159
129 130
129 160
130 131
130 161
131 132
131 162
132 133
132 163
133 134
133 164
134 135
134 165
135 136
135 166
136 137
136 167
137 138
137 168
138 139
138 169
139 140
139 170
140 141
140 171
141 142
141 172
142 143
142 173
143 144
143 174
144 145
144 175
145 146
145 176
146 147
146 177
147 148
147 178
148 149
148 179
149 150
149 180
150 151
150 181
151 152
151 182
152 153
152 183
153 154
153 184
154 155
154 185
155 186
156 157
156 187
156 186
157 158
157 188
158 159
158 189
159 160
159 190
160 161
160 191
161 162
161 192
162 163
162 193
163 164
163 194
164 165
164 195
165 166
165 196
166 167
166 197
167 168
167 198
168 169
168 199
169 170
169 200
170 171
170 201
171 172
171 202
172 173
172 203
173 174
173 204
174 175
174 205
175 176
175 206
176 177
176 207
177 178
177 208
178 179
178 209
179 180
179 210
180 181
180 211
181 182
181 212
182 183
182 213
183 184
183 214
184 185
184 215
185 186
185 216
186 217
187 188
187 217
187 218
188 189
188 219
189 190
189 220
190 191
190 221
191 192
191 222
192 193
192 223
193 194
193 224
194 195
194 225
195 196
195 226
196 197
196 227
197 198
197 228
198 199
198 229
199 200
199 230
200 201
200 231
201 202
201 232
202 203
202 233
203 204
203 234
204 205
204 235
205 206
205 236
206 207
206 237
207 208
207 238
208 209
208 239
209 210
209 240
210 211
210 241
211 212
211 242
212 213
212 243
213 214
213 244
214 215
214 245
215 216
215 246
216 217
216 247
217 248
218 219
218 249
218 248
219 220
219 250
220 221
220 251
221 222
221 252
222 223
222 253
223 224
223 254
224 225
224 255
225 226
225 256
226 227
226 257
227 228
227 258
228 229
228 259
229 230
229 260
230 231
230 261
231 232
231 262
232 233
232 263
233 234
233 264
234 235
234 265
235 236
235 266
236 237
236 267
237 238
237 268
238 239
238 269
239 240
239 270
240 241
240 271
241 242
241 272
242 243
242 273
243 244
243 274
244 245
244 275
245 246
245 276
246 247
246 277
247 248
247 278
248 279
249 250
249 280
249 279
250 251
250 281
251 252
251 282
252 253
252 283
253 254
253 284
254 255
254 285
255 256
255 286
256 287
256 257
257 288
257 258
258 259
258 289
259 260
259 290
260 261
260 291
261 262
261 292
262 263
262 293
263 264
263 294
264 265
264 295
265 266
265 296
266 267
266 297
267 268
267 298
268 269
268 299
269 270
269 300
270 271
270 301
271 272
271 302
272 273
272 303
273 274
273 304
274 275
274 305
275 276
275 306
276 277
276 307
277 278
277 308
278 279
278 309
279 310
280 281
280 310
280 311
281 282
281 312
282 283
282 313
283 284
283 314
284 285
284 315
285 286
285 316
286 287
286 317
287 288
287 318
288 319
288 289
289 320
289 290
290 291
290 321
291 292
291 322
292 293
292 323
293 294
293 324
294 295
294 325
295 296
295 326
296 297
296 327
297 298
297 328
298 299
298 329
299 300
299 330
300 301
300 331
301 302
301 332
302 303
302 333
303 304
303 334
304 305
304 335
305 306
305 336
306 307
306 337
307 308
307 338
308 309
308 339
309 310
309 340
310 341
311 312
311 342
311 341
312 313
312 343
313 314
313 344
314 315
314 345
315 316
315 346
316 317
316 347
317 318
317 348
318 319
318 349
319 320
319 350
320 351
320 321
321 352
321 322
322 323
322 353
323 324
323 354
324 325
324 355
325 326
325 356
326 327
326 357
327 328
327 358
328 329
328 359
329 330
329 360
330 331
330 361
331 332
331 362
332 333
332 363
333 334
333 364
334 335
334 365
335 336
335 366
336 337
336 367
337 338
337 368
338 339
338 369
339 340
339 370
340 341
340 371
341 372
342 343
342 373
342 372
343 344
343 374
344 345
344 375
345 346
345 376
346 347
346 377
347 348
347 378
348 349
348 379
349 350
349 380
350 351
350 381
351 352
351 382
352 383
352 353
353 384
353 354
354 355
354 385
355 356
355 386
356 357
356 387
357 358
357 388
358 359
358 389
359 360
359 390
360 361
360 391
361 362
361 392
362 363
362 393
363 364
363 394
364 365
364 395
365 366
365 396
366 367
366 397
367 368
367 398
368 369
368 399
369 370
369 400
370 371
370 401
371 372
371 402
372 403
373 374
373 403
373 404
374 375
374 405
375 376
375 406
376 377
376 407
377 378
377 408
378 379
378 409
379 380
379 410
380 381
380 411
381 382
381 412
382 383
382 413
383 384
383 414
384 415
384 385
385 416
385 386
386 387
386 417
387 388
387 418
388 389
388 419
389 390
389 420
390 391
390 421
391 392
391 422
392 393
392 423
393 394
393 424
394 395
394 425
395 396
395 426
396 397
396 427
397 398
397 428
398 399
398 429
399 400
399 430
400 401
400 431
401 402
401 432
402 403
402 433
403 434
404 405
404 434
404 435
405 406
405 436
406 407
406 437
407 408
407 438
408 409
408 439
409 410
409 440
410 411
410 441
411 412
411 442
412 413
412 443
413 414
413 444
414 415
414 445
415 416
415 446
416 447
416 417
417 448
417 418
418 419
418 449
419 420
419 450
420 421
420 451
421 422
421 452
422 423
422 453
423 424
423 454
424 425
424 455
425 426
425 456
426 427
426 457
427 428
427 458
428 429
428 459
429 430
429 460
430 431
430 461
431 432
431 462
432 433
432 463
433 434
433 464
434 465
435 436
435 465
435 466
436 437
436 467
437 438
437 468
438 439
438 469
439 440
439 470
440 441
440 471
441 442
441 472
442 443
442 473
443 444
443 474
444 445
444 475
445 446
445 476
446 447
446 477
447 448
447 478
448 479
448 449
449 480
449 450
450 451
450 481
451 452
451 482
452 453
452 483
453 454
453 484
454 455
454 485
455 456
455 486
456 457
456 487
457 458
457 488
458 459
458 489
459 460
459 490
460 461
460 491
461 462
461 492
462 463
462 493
463 464
463 494
464 465
464 495
465 496
466 467
466 497
466 496
467 468
467 498
468 469
468 499
469 470
469 500
470 471
470 501
471 472
471 502
472 473
472 503
473 474
473 504
474 475
474 505
475 476
475 506
476 477
476 507
477 478
477 508
478 479
478 509
479 480
479 510
480 511
480 481
481 512
481 482
482 483
482 513
483 484
483 514
484 485
484 515
485 486
485 516
486 487
486 517
487 488
487 518
488 489
488 519
489 490
489 520
490 491
490 521
491 492
491 522
492 493
492 523
493 494
493 524
494 495
494 525
495 496
495 526
496 527
497 498
497 527
497 528
498 499
498 529
499 500
499 530
500 501
500 531
501 502
501 532
502 503
502 533
503 504
503 534
504 505
504 535
505 506
505 536
506 507
506 537
507 508
507 538
508 509
508 539
509 510
509 540
510 511
510 541
511 512
511 542
512 513
512 543
513 514
513 544
514 545
514 515
515 546
515 516
516 547
516 517
517 548
517 518
518 549
518 519
519 550
519 520
520 551
520 521
521 552
521 522
522 553
522 523
523 554
523 524
524 555
524 525
525 556
525 526
526 557
526 527
527 558
528 559
528 558
528 529
529 560
529 530
530 561
530 531
531 562
531 532
532 563
532 533
533 564
533 534
534 565
534 535
535 566
535 536
536 567
536 537
537 568
537 538
538 569
538 539
539 570
539 540
540 571
540 541
541 572
541 542
542 573
542 543
543 574
543 544
544 545
544 575
545 546
545 576
546 547
546 577
547 548
547 578
548 549
548 579
549 550
549 580
550 551
550 581
551 552
551 582
552 553
552 583
553 554
553 584
554 555
554 585
555 556
555 586
556 557
556 587
557 558
557 588
558 589
559 560
559 589
559 590
560 561
560 591
561 562
561 592
562 563
562 593
563 564
563 594
564 565
564 595
565 566
565 596
566 567
566 597
567 568
567 598
568 569
568 599
569 570
569 600
570 571
570 601
571 572
571 602
572 573
572 603
573 574
573 604
574 575
574 605
575 576
575 606
576 577
576 607
577 578
577 608
578 609
578 579
579 610
579 580
580 611
580 581
581 612
581 582
582 613
582 583
583 614
583 584
584 615
584 585
585 616
585 586
586 617
586 587
587 618
587 588
588 619
588 589
589 620
590 620
590 621
590 591
591 622
591 592
592 623
592 593
593 624
593 594
594 625
594 595
595 626
595 596
596 627
596 597
597 628
597 598
598 629
598 599
599 630
599 600
600 631
600 601
601 632
601 602
602 633
602 603
603 634
603 604
604 635
604 605
605 636
605 606
606 637
606 607
607 638
607 608
608 609
608 639
609 610
609 640
610 611
610 641
611 612
611 642
612 613
612 643
613 614
613 644
614 615
614 645
615 616
615 646
616 617
616 647
617 618
617 648
618 619
618 649
619 620
619 650
620 651
621 622
621 652
621 651
622 623
622 653
623 624
623 654
624 625
624 655
625 626
625 656
626 627
626 657
627 628
627 658
628 629
628 659
629 630
629 660
630 631
630 661
631 632
631 662
632 633
632 663
633 634
633 664
634 635
634 665
635 636
635 666
636 637
636 667
637 638
637 668
638 639
638 669
639 640
639 670
640 641
640 671
641 642
641 672
642 673
642 643
643 674
643 644
644 675
644 645
645 676
645 646
646 677
646 647
647 678
647 648
648 679
648 649
649 680
649 650
650 681
650 651
651 682
652 683
652 682
652 653
653 684
653 654
654 685
654 655
655 686
655 656
656 687
656 657
657 688
657 658
658 689
658 659
659 690
659 660
660 691
660 661
661 692
661 662
662 693
662 663
663 694
663 664
664 695
664 665
665 696
665 666
666 697
666 667
667 698
667 668
668 699
668 669
669 700
669 670
670 701
670 671
671 702
671 672
672 673
672 703
673 674
673 704
674 675
674 705
675 676
675 706
676 677
676 707
677 678
677 708
678 679
678 709
679 680
679 710
680 681
680 711
681 682
681 712
682 713
683 684
683 714
683 713
684 685
684 715
685 686
685 716
686 687
686 717
687 688
687 718
688 689
688 719
689 690
689 720
690 691
690 721
691 692
691 722
692 693
692 723
693 694
693 724
694 695
694 725
695 696
695 726
696 697
696 727
697 698
697 728
698 699
698 729
699 700
699 730
700 701
700 731
701 702
701 732
702 703
702 733
703 704
703 734
704 705
704 735
705 706
705 736
706 737
706 707
707 738
707 708
708 739
708 709
709 740
709 710
710 741
710 711
711 742
711 712
712 743
712 713
713 744
714 745
714 744
714 715
715 746
715 716
716 747
716 717
717 748
717 718
718 749
718 719
719 750
719 720
720 751
720 721
721 752
721 722
722 753
722 723
723 754
723 724
724 755
724 725
725 756
725 726
726 757
726 727
727 758
727 728
728 759
728 729
729 760
729 730
730 761
730 731
731 762
731 732
732 763
732 733
733 764
733 734
734 765
734 735
735 766
735 736
736 737
736 767
737 738
737 768
738 739
738 769
739 740
739 770
740 741
740 771
741 742
741 772
742 743
742 773
743 744
743 774
744 775
745 746
745 775
745 776
746 747
746 777
747 748
747 778
748 749
748 779
749 750
749 780
750 751
750 781
751 752
751 782
752 753
752 783
753 754
753 784
754 755
754 785
755 756
755 786
756 757
756 787
757 758
757 788
758 759
758 789
759 760
759 790
760 761
760 791
761 762
761 792
762 763
762 793
763 764
763 794
764 765
764 795
765 766
765 796
766 767
766 797
767 768
767 798
768 799
768 769
769 800
769 770
770 801
770 771
771 802
771 772
772 803
772 773
773 804
773 774
774 805
774 775
775 806
776 806
776 807
776 777
777 808
777 778
778 809
778 779
779 810
779 780
780 811
780 781
781 812
781 782
782 813
782 783
783 814
783 784
784 815
784 785
785 816
785 786
786 817
786 787
787 818
787 788
788 819
788 789
789 820
789 790
790 821
790 791
791 822
791 792
792 823
792 793
793 824
793 794
794 825
794 795
795 826
795 796
796 827
796 797
797 828
797 798
798 829
798 799
799 830
799 800
800 831
800 801
801 832
801 802
802 803
802 833
803 804
803 834
804 805
804 835
805 806
805 836
806 837
807 808
807 837
807 838
808 809
808 839
809 810
809 840
810 811
810 841
811 812
811 842
812 813
812 843
813 814
813 844
814 815
814 845
815 816
815 846
816 817
816 847
817 818
817 848
818 819
818 849
819 820
819 850
820 821
820 851
821 822
821 852
822 823
822 853
823 824
823 854
824 825
824 855
825 826
825 856
826 827
826 857
827 828
827 858
828 829
828 859
829 830
829 860
830 831
830 861
831 832
831 862
832 863
832 833
833 864
833 834
834 865
834 835
835 866
835 836
836 867
836 837
837 868
838 868
838 869
838 839
839 870
839 840
840 871
840 841
841 872
841 842
842 873
842 843
843 874
843 844
844 875
844 845
845 876
845 846
846 877
846 847
847 878
847 848
848 879
848 849
849 880
849 850
850 881
850 851
851 882
851 852
852 883
852 853
853 884
853 854
854 885
854 855
855 886
855 856
856 887
856 857
857 888
857 858
858 889
858 859
859 890
859 860
860 891
860 861
861 892
861 862
862 893
862 863
863 894
863 864
864 895
864 865
865 896
865 866
866 867
866 897
867 868
867 898
868 899
869 870
869 900
869 899
870 871
870 901
871 872
871 902
872 873
872 903
873 874
873 904
874 875
874 905
875 876
875 906
876 877
876 907
877 878
877 908
878 879
878 909
879 880
879 910
880 881
880 911
881 882
881 912
882 883
882 913
883 884
883 914
884 885
884 915
885 886
885 916
886 887
886 917
887 888
887 918
888 889
888 919
889 890
889 920
890 891
890 921
891 892
891 922
892 893
892 923
893 894
893 924
894 895
894 925
895 896
895 926
896 927
896 897
897 928
897 898
898 929
898 899
899 930
900 930
900 931
900 901
901 932
901 902
902 933
902 903
903 934
903 904
904 935
904 905
905 936
905 906
906 937
906 907
907 938
907 908
908 939
908 909
909 940
909 910
910 941
910 911
911 942
911 912
912 943
912 913
913 944
913 914
914 945
914 915
915 946
915 916
916 947
916 917
917 948
917 918
918 949
918 919
919 950
919 920
920 951
920 921
921 952
921 922
922 953
922 923
923 954
923 924
924 955
924 925
925 956
925 926
926 957
926 927
927 958
927 928
928 959
928 929
929 960
929 930
930 961
931 932
931 961
932 933
933 934
934 935
935 936
936 937
937 938
938 939
939 940
940 941
941 942
942 943
943 944
944 945
945 946
946 947
947 948
948 949
949 950
950 951
951 952
952 953
953 954
954 955
955 956
956 957
957 958
958 959
959 960
960 961
