
1000 1000 2700
1 2
1 11
1 101
2 3
2 12
2 102
3 4
3 13
3 103
4 5
4 14
4 104
5 6
5 15
5 105
6 7
6 16
6 106
7 8
7 17
7 107
8 9
8 18
8 108
9 10
9 19
9 109
10 20
10 110
11 12
11 21
11 111
12 13
12 22
12 112
13 14
13 23
13 113
14 15
14 24
14 114
15 16
15 25
15 115
16 17
16 26
16 116
17 18
17 27
17 117
18 19
18 28
18 118
19 20
19 29
19 119
20 30
20 120
21 22
21 31
21 121
22 23
22 32
22 122
23 24
23 33
23 123
24 25
24 34
24 124
25 26
25 35
25 125
26 27
26 36
26 126
27 28
27 37
27 127
28 29
28 38
28 128
29 30
29 39
29 129
30 40
30 130
31 32
31 41
31 131
32 33
32 42
32 132
33 34
33 43
33 133
34 35
34 44
34 134
35 36
35 45
35 135
36 37
36 46
36 136
37 38
37 47
37 137
38 39
38 48
38 138
39 40
39 49
39 139
40 50
40 140
41 42
41 51
41 141
42 43
42 52
42 142
43 44
43 53
43 143
44 45
44 54
44 144
45 46
45 55
45 145
46 47
46 56
46 146
47 48
47 57
47 147
48 49
48 58
48 148
49 50
49 59
49 149
50 60
50 150
51 52
51 61
51 151
52 53
52 62
52 152
53 54
53 63
53 153
54 55
54 64
54 154
55 56
55 65
55 155
56 57
56 66
56 156
57 58
57 67
57 157
58 59
58 68
58 158
59 60
59 69
59 159
60 70
60 160
61 62
61 71
61 161
62 63
62 72
62 162
63 64
63 73
63 163
64 65
64 74
64 164
65 66
65 75
65 165
66 67
66 76
66 166
67 68
67 77
67 167
68 69
68 78
68 168
69 70
69 79
69 169
70 80
70 170
71 72
71 81
71 171
72 73
72 82
72 172
73 74
73 83
73 173
74 75
74 84
74 174
75 76
75 85
75 175
76 77
76 86
76 176
77 78
77 87
77 177
78 79
78 88
78 178
79 80
79 89
79 179
80 90
80 180
81 82
81 91
81 181
82 83
82 92
82 182
83 84
83 93
83 183
84 85
84 94
84 184
85 86
85 95
85 185
86 87
86 96
86 186
87 88
87 97
87 187
88 89
88 98
88 188
89 90
89 99
89 189
90 100
90 190
91 92
91 191
92 93
92 192
93 94
93 193
94 95
94 194
95 96
95 195
96 97
96 196
97 98
97 197
98 99
98 198
99 100
99 199
100 200
101 102
101 111
101 201
102 103
102 112
102 202
103 104
103 113
103 203
104 105
104 114
104 204
105 106
105 115
105 205
106 107
106 116
106 206
107 108
107 117
107 207
108 109
108 118
108 208
109 110
109 119
109 209
110 120
110 210
111 112
111 121
111 211
112 113
112 122
112 212
113 114
113 123
113 213
114 115
114 124
114 214
115 116
115 125
115 215
116 117
116 126
116 216
117 118
117 127
117 217
118 119
118 128
118 218
119 120
119 129
119 219
120 130
120 220
121 122
121 131
121 221
122 123
122 132
122 222
123 124
123 133
123 223
124 125
124 134
124 224
125 126
125 135
125 225
126 127
126 136
126 226
127 128
127 137
127 227
128 138
128 129
128 228
129 139
129 130
129 229
130 140
130 230
131 141
131 132
131 231
132 142
132 133
132 232
133 143
133 134
133 233
134 144
134 135
134 234
135 136
135 145
135 235
136 137
136 146
136 236
137 138
137 147
137 237
138 139
138 148
138 238
139 140
139 149
139 239
140 150
140 240
141 142
141 151
141 241
142 143
142 152
142 242
143 144
143 153
143 243
144 154
144 145
144 244
145 155
145 146
145 245
146 156
146 147
146 246
147 157
147 148
147 247
148 158
148 149
148 248
149 159
149 150
149 249
150 160
150 250
151 152
151 161
151 251
152 153
152 162
152 252
153 154
153 163
153 253
154 155
154 164
154 254
155 156
155 165
155 255
156 157
156 166
156 256
157 158
157 167
157 257
158 159
158 168
158 258
159 160
159 169
159 259
160 170
160 260
161 171
161 162
161 261
162 172
162 163
162 262
163 173
163 164
163 263
164 174
164 165
164 264
165 175
165 166
165 265
166 176
166 167
166 266
167 168
167 177
167 267
168 169
168 178
168 268
169 170
169 179
169 269
170 180
170 270
171 172
171 181
171 271
172 173
172 182
172 272
173 174
173 183
173 273
174 175
174 184
174 274
175 176
175 185
175 275
176 186
176 177
176 276
177 187
177 178
177 277
178 188
178 179
178 278
179 189
179 180
179 279
180 190
180 280
181 191
181 182
181 281
182 192
182 183
182 282
183 184
183 193
183 283
184 185
184 194
184 284
185 186
185 195
185 285
186 187
186 196
186 286
187 188
187 197
187 287
188 189
188 198
188 288
189 190
189 199
189 289
190 200
190 290
191 192
191 291
192 193
192 292
193 194
193 293
194 195
194 294
195 196
195 295
196 197
196 296
197 198
197 297
198 199
198 298
199 200
199 299
200 300
201 202
201 211
201 301
202 203
202 212
202 302
203 204
203 213
203 303
204 205
204 214
204 304
205 206
205 215
205 305
206 207
206 216
206 306
207 208
207 217
207 307
208 218
208 209
208 308
209 219
209 210
209 309
210 220
210 310
211 221
211 212
211 311
212 222
212 213
212 312
213 223
213 214
213 313
214 224
214 215
214 314
215 216
215 225
215 315
216 217
216 226
216 316
217 218
217 227
217 317
218 219
218 228
218 318
219 220
219 229
219 319
220 230
220 320
221 222
221 231
221 321
222 223
222 232
222 322
223 224
223 233
223 323
224 234
224 225
224 324
225 235
225 226
225 325
226 236
226 227
226 326
227 237
227 228
227 327
228 238
228 229
228 328
229 239
229 230
229 329
230 240
230 330
231 232
231 241
231 331
232 233
232 242
232 332
233 234
233 243
233 333
234 235
234 244
234 334
235 236
235 245
235 335
236 237
236 246
236 336
237 238
237 247
237 337
238 239
238 248
238 338
239 240
239 249
239 339
240 250
240 340
241 251
241 242
241 341
242 252
242 243
242 342
243 253
243 244
243 343
244 254
244 245
244 344
245 255
245 246
245 345
246 256
246 247
246 346
247 248
247 257
247 347
248 249
248 258
248 348
249 250
249 259
249 349
250 260
250 350
251 252
251 261
251 351
252 253
252 262
252 352
253 254
253 263
253 353
254 255
254 264
254 354
255 256
255 265
255 355
256 257
256 266
256 356
257 258
257 267
257 357
258 259
258 268
258 358
259 260
259 269
259 359
260 270
260 360
261 262
261 271
261 361
262 263
262 272
262 362
263 273
263 264
263 363
264 274
264 265
264 364
265 275
265 266
265 365
266 276
266 267
266 366
267 277
267 268
267 367
268 278
268 269
268 368
269 279
269 270
269 369
270 280
270 370
271 281
271 272
271 371
272 273
272 282
272 372
273 274
273 283
273 373
274 275
274 284
274 374
275 276
275 285
275 375
276 277
276 286
276 376
277 278
277 287
277 377
278 279
278 288
278 378
279 280
279 289
279 379
280 290
280 380
281 282
281 291
281 381
282 283
282 292
282 382
283 284
283 293
283 383
284 285
284 294
284 384
285 286
285 295
285 385
286 287
286 296
286 386
287 288
287 297
287 387
288 289
288 298
288 388
289 290
289 299
289 389
290 300
290 390
291 292
291 391
292 293
292 392
293 294
293 393
294 295
294 394
295 296
295 395
296 297
296 396
297 298
297 397
298 299
298 398
299 300
299 399
300 400
301 311
301 302
301 401
302 312
302 303
302 402
303 313
303 304
303 403
304 305
304 314
304 404
305 306
305 315
305 405
306 307
306 316
306 406
307 308
307 317
307 407
308 309
308 318
308 408
309 310
309 319
309 409
310 320
310 410
311 312
311 321
311 411
312 313
312 322
312 412
313 314
313 323
313 413
314 315
314 324
314 414
315 316
315 325
315 415
316 317
316 326
316 416
317 318
317 327
317 417
318 319
318 328
318 418
319 320
319 329
319 419
320 330
320 420
321 322
321 331
321 421
322 323
322 332
322 422
323 324
323 333
323 423
324 325
324 334
324 424
325 326
325 335
325 425
326 327
326 336
326 426
327 337
327 328
327 427
328 338
328 329
328 428
329 339
329 330
329 429
330 340
330 430
331 341
331 332
331 431
332 342
332 333
332 432
333 343
333 334
333 433
334 344
334 335
334 434
335 345
335 336
335 435
336 337
336 346
336 436
337 338
337 347
337 437
338 339
338 348
338 438
339 340
339 349
339 439
340 350
340 440
341 342
341 351
341 441
342 343
342 352
342 442
343 344
343 353
343 443
344 345
344 354
344 444
345 346
345 355
345 445
346 347
346 356
346 446
347 348
347 357
347 447
348 349
348 358
348 448
349 350
349 359
349 449
350 360
350 450
351 352
351 361
351 451
352 353
352 362
352 452
353 354
353 363
353 453
354 355
354 364
354 454
355 356
355 365
355 455
356 357
356 366
356 456
357 358
357 367
357 457
358 359
358 368
358 458
359 369
359 360
359 459
360 370
360 460
361 371
361 362
361 461
362 372
362 363
362 462
363 373
363 364
363 463
364 374
364 365
364 464
365 375
365 366
365 465
366 376
366 367
366 466
367 377
367 368
367 467
368 369
368 378
368 468
369 370
369 379
369 469
370 380
370 470
371 372
371 381
371 471
372 373
372 382
372 472
373 374
373 383
373 473
374 375
374 384
374 474
375 376
375 385
375 475
376 377
376 386
376 476
377 378
377 387
377 477
378 379
378 388
378 478
379 380
379 389
379 479
380 390
380 480
381 382
381 391
381 481
382 383
382 392
382 482
383 384
383 393
383 483
384 394
384 385
384 484
385 395
385 386
385 485
386 396
386 387
386 486
387 397
387 388
387 487
388 398
388 389
388 488
389 399
389 390
389 489
390 400
390 490
391 392
391 491
392 393
392 492
393 394
393 493
394 395
394 494
395 396
395 495
396 397
396 496
397 398
397 497
398 399
398 498
399 400
399 499
400 500
401 411
401 402
401 501
402 412
402 403
402 502
403 413
403 404
403 503
404 414
404 405
404 504
405 415
405 406
405 505
406 416
406 407
406 506
407 408
407 417
407 507
408 409
408 418
408 508
409 410
409 419
409 509
410 420
410 510
411 412
411 421
411 511
412 413
412 422
412 512
413 414
413 423
413 513
414 415
414 424
414 514
415 416
415 425
415 515
416 426
416 417
416 516
417 427
417 418
417 517
418 428
418 419
418 518
419 429
419 420
419 519
420 430
420 520
421 431
421 422
421 521
422 432
422 423
422 522
423 433
423 424
423 523
424 434
424 425
424 524
425 435
425 426
425 525
426 436
426 427
426 526
427 437
427 428
427 527
428 438
428 429
428 528
429 439
429 430
429 529
430 440
430 530
431 441
431 432
431 531
432 442
432 433
432 532
433 443
433 434
433 533
434 444
434 435
434 534
435 445
435 436
435 535
436 446
436 437
436 536
437 447
437 438
437 537
438 448
438 439
438 538
439 440
439 449
439 539
440 450
440 540
441 442
441 451
441 541
442 443
442 452
442 542
443 444
443 453
443 543
444 445
444 454
444 544
445 446
445 455
445 545
446 447
446 456
446 546
447 448
447 457
447 547
448 458
448 449
448 548
449 459
449 450
449 549
450 460
450 550
451 461
451 452
451 551
452 462
452 453
452 552
453 463
453 454
453 553
454 464
454 455
454 554
455 465
455 456
455 555
456 466
456 457
456 556
457 467
457 458
457 557
458 468
458 459
458 558
459 469
459 460
459 559
460 470
460 560
461 471
461 462
461 561
462 472
462 463
462 562
463 473
463 464
463 563
464 474
464 465
464 564
465 475
465 466
465 565
466 476
466 467
466 566
467 477
467 468
467 567
468 478
468 469
468 568
469 479
469 470
469 569
470 480
470 570
471 472
471 481
471 571
472 473
472 482
472 572
473 474
473 483
473 573
474 475
474 484
474 574
475 476
475 485
475 575
476 477
476 486
476 576
477 478
477 487
477 577
478 479
478 488
478 578
479 480
479 489
479 579
480 490
480 580
481 491
481 482
481 581
482 492
482 483
482 582
483 493
483 484
483 583
484 494
484 485
484 584
485 495
485 486
485 585
486 496
486 487
486 586
487 497
487 488
487 587
488 498
488 489
488 588
489 499
489 490
489 589
490 500
490 590
491 492
491 591
492 493
492 592
493 494
493 593
494 495
494 594
495 496
495 595
496 497
496 596
497 498
497 597
498 499
498 598
499 500
499 599
500 600
501 511
501 502
501 601
502 512
502 503
502 602
503 504
503 513
503 603
504 505
504 514
504 604
505 506
505 515
505 605
506 507
506 516
506 606
507 508
507 517
507 607
508 509
508 518
508 608
509 510
509 519
509 609
510 520
510 610
511 512
511 521
511 611
512 513
512 522
512 612
513 514
513 523
513 613
514 515
514 524
514 614
515 516
515 525
515 615
516 517
516 526
516 616
517 518
517 527
517 617
518 519
518 528
518 618
519 520
519 529
519 619
520 530
520 620
521 522
521 531
521 621
522 523
522 532
522 622
523 524
523 533
523 623
524 525
524 534
524 624
525 526
525 535
525 625
526 527
526 536
526 626
527 528
527 537
527 627
528 529
528 538
528 628
529 530
529 539
529 629
530 540
530 630
531 532
531 541
531 631
532 533
532 542
532 632
533 534
533 543
533 633
534 535
534 544
534 634
535 545
535 536
535 635
536 546
536 537
536 636
537 547
537 538
537 637
538 548
538 539
538 638
539 549
539 540
539 639
540 550
540 640
541 551
541 542
541 641
542 552
542 543
542 642
543 553
543 544
543 643
544 545
544 554
544 644
545 546
545 555
545 645
546 547
546 556
546 646
547 548
547 557
547 647
548 549
548 558
548 648
549 550
549 559
549 649
550 560
550 650
551 552
551 561
551 651
552 553
552 562
552 652
553 554
553 563
553 653
554 555
554 564
554 654
555 556
555 565
555 655
556 557
556 566
556 656
557 558
557 567
557 657
558 559
558 568
558 658
559 560
559 569
559 659
560 570
560 660
561 562
561 571
561 661
562 563
562 572
562 662
563 564
563 573
563 663
564 565
564 574
564 664
565 566
565 575
565 665
566 567
566 576
566 666
567 568
567 577
567 667
568 569
568 578
568 668
569 570
569 579
569 669
570 580
570 670
571 572
571 581
571 671
572 573
572 582
572 672
573 574
573 583
573 673
574 575
574 584
574 674
575 576
575 585
575 675
576 577
576 586
576 676
577 578
577 587
577 677
578 579
578 588
578 678
579 580
579 589
579 679
580 590
580 680
581 582
581 591
581 681
582 583
582 592
582 682
583 584
583 593
583 683
584 585
584 594
584 684
585 586
585 595
585 685
586 587
586 596
586 686
587 588
587 597
587 687
588 589
588 598
588 688
589 590
589 599
589 689
590 600
590 690
591 592
591 691
592 593
592 692
593 594
593 693
594 595
594 694
595 596
595 695
596 597
596 696
597 598
597 697
598 599
598 698
599 600
599 699
600 700
601 611
601 602
601 701
602 612
602 603
602 702
603 613
603 604
603 703
604 614
604 605
604 704
605 615
605 606
605 705
606 616
606 607
606 706
607 617
607 608
607 707
608 609
608 618
608 708
609 610
609 619
609 709
610 620
610 710
611 612
611 621
611 711
612 613
612 622
612 712
613 614
613 623
613 713
614 615
614 624
614 714
615 616
615 625
615 715
616 617
616 626
616 716
617 618
617 627
617 717
618 619
618 628
618 718
619 620
619 629
619 719
620 630
620 720
621 622
621 631
621 721
622 623
622 632
622 722
623 624
623 633
623 723
624 625
624 634
624 724
625 626
625 635
625 725
626 627
626 636
626 726
627 628
627 637
627 727
628 629
628 638
628 728
629 630
629 639
629 729
630 640
630 730
631 632
631 641
631 731
632 633
632 642
632 732
633 634
633 643
633 733
634 635
634 644
634 734
635 636
635 645
635 735
636 637
636 646
636 736
637 638
637 647
637 737
638 639
638 648
638 738
639 640
639 649
639 739
640 650
640 740
641 651
641 642
641 741
642 652
642 643
642 742
643 653
643 644
643 743
644 654
644 645
644 744
645 655
645 646
645 745
646 656
646 647
646 746
647 648
647 657
647 747
648 649
648 658
648 748
649 650
649 659
649 749
650 660
650 750
651 652
651 661
651 751
652 653
652 662
652 752
653 654
653 663
653 753
654 655
654 664
654 754
655 656
655 665
655 755
656 666
656 657
656 756
657 667
657 658
657 757
658 668
658 659
658 758
659 669
659 660
659 759
660 670
660 760
661 671
661 662
661 761
662 672
662 663
662 762
663 673
663 664
663 763
664 674
664 665
664 764
665 675
665 666
665 765
666 676
666 667
666 766
667 677
667 668
667 767
668 678
668 669
668 768
669 679
669 670
669 769
670 680
670 770
671 681
671 672
671 771
672 682
672 673
672 772
673 683
673 674
673 773
674 684
674 675
674 774
675 685
675 676
675 775
676 686
676 677
676 776
677 687
677 678
677 777
678 688
678 679
678 778
679 680
679 689
679 779
680 690
680 780
681 682
681 691
681 781
682 683
682 692
682 782
683 684
683 693
683 783
684 685
684 694
684 784
685 686
685 695
685 785
686 687
686 696
686 786
687 688
687 697
687 787
688 698
688 689
688 788
689 699
689 690
689 789
690 700
690 790
691 692
691 791
692 693
692 792
693 694
693 793
694 695
694 794
695 696
695 795
696 697
696 796
697 698
697 797
698 699
698 798
699 700
699 799
700 800
701 702
701 711
701 801
702 703
702 712
702 802
703 704
703 713
703 803
704 714
704 705
704 804
705 715
705 706
705 805
706 716
706 707
706 806
707 717
707 708
707 807
708 718
708 709
708 808
709 719
709 710
709 809
710 720
710 810
711 712
711 721
711 811
712 713
712 722
712 812
713 714
713 723
713 813
714 715
714 724
714 814
715 716
715 725
715 815
716 717
716 726
716 816
717 718
717 727
717 817
718 719
718 728
718 818
719 720
719 729
719 819
720 730
720 820
721 731
721 722
721 821
722 732
722 723
722 822
723 733
723 724
723 823
724 734
724 725
724 824
725 735
725 726
725 825
726 736
726 727
726 826
727 737
727 728
727 827
728 738
728 729
728 828
729 739
729 730
729 829
730 740
730 830
731 741
731 732
731 831
732 742
732 733
732 832
733 743
733 734
733 833
734 744
734 735
734 834
735 745
735 736
735 835
736 746
736 737
736 836
737 747
737 738
737 837
738 748
738 739
738 838
739 749
739 740
739 839
740 750
740 840
741 751
741 742
741 841
742 752
742 743
742 842
743 744
743 753
743 843
744 745
744 754
744 844
745 746
745 755
745 845
746 747
746 756
746 846
747 748
747 757
747 847
748 749
748 758
748 848
749 750
749 759
749 849
750 760
750 850
751 752
751 761
751 851
752 762
752 753
752 852
753 763
753 754
753 853
754 764
754 755
754 854
755 765
755 756
755 855
756 766
756 757
756 856
757 767
757 758
757 857
758 768
758 759
758 858
759 760
759 769
759 859
760 770
760 860
761 762
761 771
761 861
762 763
762 772
762 862
763 764
763 773
763 863
764 765
764 774
764 864
765 766
765 775
765 865
766 767
766 776
766 866
767 768
767 777
767 867
768 769
768 778
768 868
769 770
769 779
769 869
770 780
770 870
771 772
771 781
771 871
772 773
772 782
772 872
773 774
773 783
773 873
774 775
774 784
774 874
775 785
775 776
775 875
776 786
776 777
776 876
777 787
777 778
777 877
778 788
778 779
778 878
779 789
779 780
779 879
780 790
780 880
781 791
781 782
781 881
782 792
782 783
782 882
783 793
783 784
783 883
784 785
784 794
784 884
785 786
785 795
785 885
786 787
786 796
786 886
787 788
787 797
787 887
788 789
788 798
788 888
789 790
789 799
789 889
790 800
790 890
791 792
791 891
792 793
792 892
793 794
793 893
794 795
794 894
795 796
795 895
796 797
796 896
797 798
797 897
798 799
798 898
799 800
799 899
800 900
801 802
801 811
801 901
802 803
802 812
802 902
803 804
803 813
803 903
804 805
804 814
804 904
805 806
805 815
805 905
806 807
806 816
806 906
807 817
807 808
807 907
808 818
808 809
808 908
809 819
809 810
809 909
810 820
810 910
811 821
811 812
811 911
812 822
812 813
812 912
813 823
813 814
813 913
814 824
814 815
814 914
815 825
815 816
815 915
816 817
816 826
816 916
817 818
817 827
817 917
818 819
818 828
818 918
819 820
819 829
819 919
820 830
820 920
821 822
821 831
821 921
822 823
822 832
822 922
823 824
823 833
823 923
824 825
824 834
824 924
825 826
825 835
825 925
826 827
826 836
826 926
827 828
827 837
827 927
828 829
828 838
828 928
829 830
829 839
829 929
830 840
830 930
831 832
831 841
831 931
832 833
832 842
832 932
833 834
833 843
833 933
834 835
834 844
834 934
835 836
835 845
835 935
836 837
836 846
836 936
837 838
837 847
837 937
838 839
838 848
838 938
839 849
839 840
839 939
840 850
840 940
841 851
841 842
841 941
842 852
842 843
842 942
843 853
843 844
843 943
844 854
844 845
844 944
845 855
845 846
845 945
846 856
846 847
846 946
847 857
847 848
847 947
848 849
848 858
848 948
849 850
849 859
849 949
850 860
850 950
851 852
851 861
851 951
852 853
852 862
852 952
853 854
853 863
853 953
854 855
854 864
854 954
855 865
855 856
855 955
856 866
856 857
856 956
857 867
857 858
857 957
858 868
858 859
858 958
859 869
859 860
859 959
860 870
860 960
861 871
861 862
861 961
862 872
862 863
862 962
863 873
863 864
863 963
864 865
864 874
864 964
865 866
865 875
865 965
866 867
866 876
866 966
867 868
867 877
867 967
868 869
868 878
868 968
869 870
869 879
869 969
870 880
870 970
871 881
871 872
871 971
872 882
872 873
872 972
873 883
873 874
873 973
874 884
874 875
874 974
875 885
875 876
875 975
876 886
876 877
876 976
877 887
877 878
877 977
878 888
878 879
878 978
879 889
879 880
879 979
880 890
880 980
881 882
881 891
881 981
882 883
882 892
882 982
883 884
883 893
883 983
884 885
884 894
884 984
885 886
885 895
885 985
886 887
886 896
886 986
887 888
887 897
887 987
888 889
888 898
888 988
889 890
889 899
889 989
890 900
890 990
891 892
891 991
892 893
892 992
893 894
893 993
894 895
894 994
895 896
895 995
896 897
896 996
897 898
897 997
898 899
898 998
899 900
899 999
900 1000
901 911
901 902
902 912
902 903
903 913
903 904
904 914
904 905
905 915
905 906
906 916
906 907
907 917
907 908
908 918
908 909
909 919
909 910
910 920
911 921
911 912
912 922
912 913
913 923
913 914
914 924
914 915
915 925
915 916
916 926
916 917
917 927
917 918
918 928
918 919
919 929
919 920
920 930
921 931
921 922
922 932
922 923
923 933
923 924
924 934
924 925
925 935
925 926
926 936
926 927
927 937
927 928
928 938
928 929
929 939
929 930
930 940
931 941
931 932
932 942
932 933
933 943
933 934
934 944
934 935
935 945
935 936
936 946
936 937
937 947
937 938
938 948
938 939
939 949
939 940
940 950
941 951
941 942
942 952
942 943
943 953
943 944
944 954
944 945
945 955
945 946
946 956
946 947
947 957
947 948
948 958
948 949
949 959
949 950
950 960
951 952
951 961
952 953
952 962
953 954
953 963
954 955
954 964
955 956
955 965
956 957
956 966
957 958
957 967
958 959
958 968
959 960
959 969
960 970
961 971
961 962
962 972
962 963
963 973
963 964
964 974
964 965
965 975
965 966
966 976
966 967
967 977
967 968
968 978
968 969
969 979
969 970
970 980
971 981
971 972
972 982
972 973
973 983
973 974
974 984
974 975
975 985
975 976
976 986
976 977
977 987
977 978
978 988
978 979
979 989
979 980
980 990
981 991
981 982
982 992
982 983
983 993
983 984
984 994
984 985
985 995
985 986
986 996
986 987
987 997
987 988
988 998
988 989
989 999
989 990
990 1000
991 992
992 993
993 994
994 995
995 996
996 997
997 998
998 999
999 1000
