
343 343 882
1 2
1 8
1 50
2 3
2 9
2 51
3 4
3 10
3 52
4 5
4 11
4 53
5 6
5 12
5 54
6 7
6 13
6 55
7 14
7 56
8 9
8 15
8 57
9 10
9 16
9 58
10 11
10 17
10 59
11 12
11 18
11 60
12 13
12 19
12 61
13 14
13 20
13 62
14 21
14 63
15 16
15 22
15 64
16 17
16 23
16 65
17 18
17 24
17 66
18 19
18 25
18 67
19 20
19 26
19 68
20 21
20 27
20 69
21 28
21 70
22 23
22 29
22 71
23 24
23 30
23 72
24 25
24 31
24 73
25 26
25 32
25 74
26 27
26 33
26 75
27 28
27 34
27 76
28 35
28 77
29 30
29 36
29 78
30 31
30 37
30 79
31 32
31 38
31 80
32 33
32 39
32 81
33 34
33 40
33 82
34 35
34 41
34 83
35 42
35 84
36 37
36 43
36 85
37 38
37 44
37 86
38 39
38 45
38 87
39 40
39 46
39 88
40 41
40 47
40 89
41 42
41 48
41 90
42 49
42 91
43 44
43 92
44 45
44 93
45 46
45 94
46 47
46 95
47 48
47 96
48 49
48 97
49 98
50 51
50 57
50 99
51 52
51 58
51 100
52 53
52 59
52 101
53 54
53 60
53 102
54 55
54 61
54 103
55 56
55 62
55 104
56 63
56 105
57 58
57 64
57 106
58 59
58 65
58 107
59 60
59 66
59 108
60 61
60 67
60 109
61 62
61 68
61 110
62 63
62 69
62 111
63 70
63 112
64 71
64 65
64 113
65 72
65 66
65 114
66 67
66 73
66 115
67 68
67 74
67 116
68 69
68 75
68 117
69 70
69 76
69 118
70 77
70 119
71 72
71 78
71 120
72 79
72 73
72 121
73 80
73 74
73 122
74 75
74 81
74 123
75 76
75 82
75 124
76 77
76 83
76 125
77 84
77 126
78 79
78 85
78 127
79 80
79 86
79 128
80 87
80 81
80 129
81 88
81 82
81 130
82 83
82 89
82 131
83 84
83 90
83 132
84 91
84 133
85 86
85 92
85 134
86 87
86 93
86 135
87 88
87 94
87 136
88 95
88 89
88 137
89 96
89 90
89 138
90 91
90 97
90 139
91 98
91 140
92 93
92 141
93 94
93 142
94 95
94 143
95 96
95 144
96 97
96 145
97 98
97 146
98 147
99 100
99 106
99 148
100 101
100 107
100 149
101 102
101 108
101 150
102 103
102 109
102 151
103 104
103 110
103 152
104 111
104 105
104 153
105 112
105 154
106 107
106 113
106 155
107 108
107 114
107 156
108 109
108 115
108 157
109 110
109 116
109 158
110 111
110 117
110 159
111 112
111 118
111 160
112 119
112 161
113 120
113 114
113 162
114 115
114 121
114 163
115 116
115 122
115 164
116 117
116 123
116 165
117 118
117 124
117 166
118 119
118 125
118 167
119 126
119 168
120 127
120 121
120 169
121 128
121 122
121 170
122 123
122 129
122 171
123 124
123 130
123 172
124 125
124 131
124 173
125 126
125 132
125 174
126 133
126 175
127 128
127 134
127 176
128 129
128 135
128 177
129 130
129 136
129 178
130 137
130 131
130 179
131 138
131 132
131 180
132 139
132 133
132 181
133 140
133 182
134 141
134 135
134 183
135 142
135 136
135 184
136 137
136 143
136 185
137 138
137 144
137 186
138 139
138 145
138 187
139 140
139 146
139 188
140 147
140 189
141 142
141 190
142 143
142 191
143 144
143 192
144 145
144 193
145 146
145 194
146 147
146 195
147 196
148 155
148 149
148 197
149 156
149 150
149 198
150 157
150 151
150 199
151 158
151 152
151 200
152 153
152 159
152 201
153 154
153 160
153 202
154 161
154 203
155 156
155 162
155 204
156 157
156 163
156 205
157 158
157 164
157 206
158 159
158 165
158 207
159 160
159 166
159 208
160 161
160 167
160 209
161 168
161 210
162 169
162 163
162 211
163 170
163 164
163 212
164 171
164 165
164 213
165 172
165 166
165 214
166 173
166 167
166 215
167 174
167 168
167 216
168 175
168 217
169 170
169 176
169 218
170 171
170 177
170 219
171 172
171 178
171 220
172 173
172 179
172 221
173 174
173 180
173 222
174 175
174 181
174 223
175 182
175 224
176 177
176 183
176 225
177 178
177 184
177 226
178 185
178 179
178 227
179 186
179 180
179 228
180 187
180 181
180 229
181 188
181 182
181 230
182 189
182 231
183 190
183 184
183 232
184 185
184 191
184 233
185 186
185 192
185 234
186 187
186 193
186 235
187 188
187 194
187 236
188 189
188 195
188 237
189 196
189 238
190 191
190 239
191 192
191 240
192 193
192 241
193 194
193 242
194 195
194 243
195 196
195 244
196 245
197 204
197 198
197 246
198 205
198 199
198 247
199 206
199 200
199 248
200 207
200 201
200 249
201 208
201 202
201 250
202 203
202 209
202 251
203 210
203 252
204 205
204 211
204 253
205 206
205 212
205 254
206 207
206 213
206 255
207 208
207 214
207 256
208 215
208 209
208 257
209 216
209 210
209 258
210 217
210 259
211 218
211 212
211 260
212 219
212 213
212 261
213 220
213 214
213 262
214 221
214 215
214 263
215 222
215 216
215 264
216 223
216 217
216 265
217 224
217 266
218 219
218 225
218 267
219 220
219 226
219 268
220 221
220 227
220 269
221 222
221 228
221 270
222 223
222 229
222 271
223 224
223 230
223 272
224 231
224 273
225 232
225 226
225 274
226 233
226 227
226 275
227 234
227 228
227 276
228 235
228 229
228 277
229 236
229 230
229 278
230 237
230 231
230 279
231 238
231 280
232 239
232 233
232 281
233 240
233 234
233 282
234 235
234 241
234 283
235 236
235 242
235 284
236 237
236 243
236 285
237 238
237 244
237 286
238 245
238 287
239 240
239 288
240 241
240 289
241 242
241 290
242 243
242 291
243 244
243 292
244 245
244 293
245 294
246 253
246 247
246 295
247 254
247 248
247 296
248 255
248 249
248 297
249 256
249 250
249 298
250 251
250 257
250 299
251 252
251 258
251 300
252 259
252 301
253 254
253 260
253 302
254 255
254 261
254 303
255 256
255 262
255 304
256 257
256 263
256 305
257 258
257 264
257 306
258 259
258 265
258 307
259 266
259 308
260 261
260 267
260 309
261 262
261 268
261 310
262 263
262 269
262 311
263 264
263 270
263 312
264 265
264 271
264 313
265 266
265 272
265 314
266 273
266 315
267 274
267 268
267 316
268 275
268 269
268 317
269 276
269 270
269 318
270 277
270 271
270 319
271 278
271 272
271 320
272 273
272 279
272 321
273 280
273 322
274 275
274 281
274 323
275 276
275 282
275 324
276 277
276 283
276 325
277 278
277 284
277 326
278 279
278 285
278 327
279 280
279 286
279 328
280 287
280 329
281 282
281 288
281 330
282 283
282 289
282 331
283 284
283 290
283 332
284 285
284 291
284 333
285 286
285 292
285 334
286 287
286 293
286 335
287 294
287 336
288 289
288 337
289 290
289 338
290 291
290 339
291 292
291 340
292 293
292 341
293 294
293 342
294 343
295 296
295 302
296 297
296 303
297 298
297 304
298 305
298 299
299 306
299 300
300 307
300 301
301 308
302 309
302 303
303 310
303 304
304 305
304 311
305 306
305 312
306 307
306 313
307 308
307 314
308 315
309 310
309 316
310 311
310 317
311 312
311 318
312 313
312 319
313 314
313 320
314 315
314 321
315 322
316 317
316 323
317 318
317 324
318 319
318 325
319 320
319 326
320 327
320 321
321 328
321 322
322 329
323 324
323 330
324 325
324 331
325 326
325 332
326 327
326 333
327 328
327 334
328 335
328 329
329 336
330 337
330 331
331 338
331 332
332 339
332 333
333 340
333 334
334 341
334 335
335 342
335 336
336 343
337 338
338 339
339 340
340 341
341 342
342 343
