
512 512 1344
1 2
1 9
1 65
2 3
2 10
2 66
3 4
3 11
3 67
4 5
4 12
4 68
5 6
5 13
5 69
6 7
6 14
6 70
7 8
7 15
7 71
8 16
8 72
9 10
9 17
9 73
10 11
10 18
10 74
11 12
11 19
11 75
12 13
12 20
12 76
13 14
13 21
13 77
14 15
14 22
14 78
15 16
15 23
15 79
16 24
16 80
17 18
17 25
17 81
18 19
18 26
18 82
19 20
19 27
19 83
20 21
20 28
20 84
21 22
21 29
21 85
22 23
22 30
22 86
23 24
23 31
23 87
24 32
24 88
25 26
25 33
25 89
26 27
26 34
26 90
27 28
27 35
27 91
28 29
28 36
28 92
29 30
29 37
29 93
30 31
30 38
30 94
31 32
31 39
31 95
32 40
32 96
33 34
33 41
33 97
34 35
34 42
34 98
35 36
35 43
35 99
36 37
36 44
36 100
37 38
37 45
37 101
38 39
38 46
38 102
39 40
39 47
39 103
40 48
40 104
41 42
41 49
41 105
42 43
42 50
42 106
43 44
43 51
43 107
44 45
44 52
44 108
45 46
45 53
45 109
46 47
46 54
46 110
47 48
47 55
47 111
48 56
48 112
49 50
49 57
49 113
50 51
50 58
50 114
51 52
51 59
51 115
52 53
52 60
52 116
53 54
53 61
53 117
54 55
54 62
54 118
55 56
55 63
55 119
56 64
56 120
57 58
57 121
58 59
58 122
59 60
59 123
60 61
60 124
61 62
61 125
62 63
62 126
63 64
63 127
64 128
65 66
65 73
65 129
66 67
66 74
66 130
67 68
67 75
67 131
68 69
68 76
68 132
69 70
69 77
69 133
70 71
70 78
70 134
71 72
71 79
71 135
72 80
72 136
73 74
73 81
73 137
74 75
74 82
74 138
75 76
75 83
75 139
76 77
76 84
76 140
77 78
77 85
77 141
78 79
78 86
78 142
79 80
79 87
79 143
80 88
80 144
81 82
81 89
81 145
82 83
82 90
82 146
83 84
83 91
83 147
84 85
84 92
84 148
85 86
85 93
85 149
86 87
86 94
86 150
87 88
87 95
87 151
88 96
88 152
89 90
89 97
89 153
90 91
90 98
90 154
91 92
91 99
91 155
92 93
92 100
92 156
93 94
93 101
93 157
94 95
94 102
94 158
95 96
95 103
95 159
96 104
96 160
97 98
97 105
97 161
98 99
98 106
98 162
99 100
99 107
99 163
100 101
100 108
100 164
101 102
101 109
101 165
102 103
102 110
102 166
103 104
103 111
103 167
104 112
104 168
105 106
105 113
105 169
106 107
106 114
106 170
107 108
107 115
107 171
108 109
108 116
108 172
109 110
109 117
109 173
110 111
110 118
110 174
111 112
111 119
111 175
112 120
112 176
113 114
113 121
113 177
114 115
114 122
114 178
115 116
115 123
115 179
116 117
116 124
116 180
117 118
117 125
117 181
118 119
118 126
118 182
119 120
119 127
119 183
120 128
120 184
121 122
121 185
122 123
122 186
123 124
123 187
124 125
124 188
125 126
125 189
126 127
126 190
127 128
127 191
128 192
129 137
129 130
129 193
130 138
130 131
130 194
131 139
131 132
131 195
132 140
132 133
132 196
133 141
133 134
133 197
134 142
134 135
134 198
135 143
135 136
135 199
136 144
136 200
137 138
137 145
137 201
138 139
138 146
138 202
139 140
139 147
139 203
140 141
140 148
140 204
141 142
141 149
141 205
142 143
142 150
142 206
143 144
143 151
143 207
144 152
144 208
145 153
145 146
145 209
146 154
146 147
146 210
147 155
147 148
147 211
148 156
148 149
148 212
149 157
149 150
149 213
150 158
150 151
150 214
151 159
151 152
151 215
152 160
152 216
153 154
153 161
153 217
154 155
154 162
154 218
155 156
155 163
155 219
156 157
156 164
156 220
157 158
157 165
157 221
158 159
158 166
158 222
159 160
159 167
159 223
160 168
160 224
161 169
161 162
161 225
162 170
162 163
162 226
163 171
163 164
163 227
164 172
164 165
164 228
165 173
165 166
165 229
166 174
166 167
166 230
167 175
167 168
167 231
168 176
168 232
169 170
169 177
169 233
170 171
170 178
170 234
171 172
171 179
171 235
172 173
172 180
172 236
173 174
173 181
173 237
174 175
174 182
174 238
175 176
175 183
175 239
176 184
176 240
177 185
177 178
177 241
178 186
178 179
178 242
179 187
179 180
179 243
180 188
180 181
180 244
181 189
181 182
181 245
182 190
182 183
182 246
183 191
183 184
183 247
184 192
184 248
185 186
185 249
186 187
186 250
187 188
187 251
188 189
188 252
189 190
189 253
190 191
190 254
191 192
191 255
192 256
193 201
193 194
193 257
194 202
194 195
194 258
195 203
195 196
195 259
196 204
196 197
196 260
197 205
197 198
197 261
198 206
198 199
198 262
199 207
199 200
199 263
200 208
200 264
201 202
201 209
201 265
202 203
202 210
202 266
203 204
203 211
203 267
204 205
204 212
204 268
205 206
205 213
205 269
206 207
206 214
206 270
207 208
207 215
207 271
208 216
208 272
209 217
209 210
209 273
210 218
210 211
210 274
211 219
211 212
211 275
212 220
212 213
212 276
213 221
213 214
213 277
214 222
214 215
214 278
215 223
215 216
215 279
216 224
216 280
217 218
217 225
217 281
218 219
218 226
218 282
219 220
219 227
219 283
220 221
220 228
220 284
221 222
221 229
221 285
222 223
222 230
222 286
223 224
223 231
223 287
224 232
224 288
225 233
225 226
225 289
226 234
226 227
226 290
227 235
227 228
227 291
228 236
228 229
228 292
229 237
229 230
229 293
230 238
230 231
230 294
231 239
231 232
231 295
232 240
232 296
233 234
233 241
233 297
234 235
234 242
234 298
235 236
235 243
235 299
236 237
236 244
236 300
237 238
237 245
237 301
238 239
238 246
238 302
239 240
239 247
239 303
240 248
240 304
241 249
241 242
241 305
242 250
242 243
242 306
243 251
243 244
243 307
244 252
244 245
244 308
245 253
245 246
245 309
246 254
246 247
246 310
247 255
247 248
247 311
248 256
248 312
249 250
249 313
250 251
250 314
251 252
251 315
252 253
252 316
253 254
253 317
254 255
254 318
255 256
255 319
256 320
257 258
257 265
257 321
258 259
258 266
258 322
259 260
259 267
259 323
260 261
260 268
260 324
261 262
261 269
261 325
262 263
262 270
262 326
263 264
263 271
263 327
264 272
264 328
265 273
265 266
265 329
266 274
266 267
266 330
267 275
267 268
267 331
268 276
268 269
268 332
269 277
269 270
269 333
270 278
270 271
270 334
271 279
271 272
271 335
272 280
272 336
273 274
273 281
273 337
274 275
274 282
274 338
275 276
275 283
275 339
276 277
276 284
276 340
277 278
277 285
277 341
278 279
278 286
278 342
279 280
279 287
279 343
280 288
280 344
281 282
281 289
281 345
282 283
282 290
282 346
283 284
283 291
283 347
284 285
284 292
284 348
285 286
285 293
285 349
286 287
286 294
286 350
287 288
287 295
287 351
288 296
288 352
289 290
289 297
289 353
290 291
290 298
290 354
291 292
291 299
291 355
292 293
292 300
292 356
293 294
293 301
293 357
294 295
294 302
294 358
295 296
295 303
295 359
296 304
296 360
297 305
297 298
297 361
298 306
298 299
298 362
299 307
299 300
299 363
300 308
300 301
300 364
301 309
301 302
301 365
302 310
302 303
302 366
303 311
303 304
303 367
304 312
304 368
305 306
305 313
305 369
306 307
306 314
306 370
307 308
307 315
307 371
308 309
308 316
308 372
309 310
309 317
309 373
310 311
310 318
310 374
311 312
311 319
311 375
312 320
312 376
313 314
313 377
314 315
314 378
315 316
315 379
316 317
316 380
317 318
317 381
318 319
318 382
319 320
319 383
320 384
321 322
321 329
321 385
322 323
322 330
322 386
323 324
323 331
323 387
324 325
324 332
324 388
325 326
325 333
325 389
326 327
326 334
326 390
327 328
327 335
327 391
328 336
328 392
329 337
329 330
329 393
330 338
330 331
330 394
331 339
331 332
331 395
332 340
332 333
332 396
333 341
333 334
333 397
334 342
334 335
334 398
335 343
335 336
335 399
336 344
336 400
337 338
337 345
337 401
338 339
338 346
338 402
339 340
339 347
339 403
340 341
340 348
340 404
341 342
341 349
341 405
342 343
342 350
342 406
343 344
343 351
343 407
344 352
344 408
345 346
345 353
345 409
346 347
346 354
346 410
347 348
347 355
347 411
348 349
348 356
348 412
349 350
349 357
349 413
350 351
350 358
350 414
351 352
351 359
351 415
352 360
352 416
353 354
353 361
353 417
354 355
354 362
354 418
355 356
355 363
355 419
356 357
356 364
356 420
357 358
357 365
357 421
358 359
358 366
358 422
359 360
359 367
359 423
360 368
360 424
361 369
361 362
361 425
362 370
362 363
362 426
363 371
363 364
363 427
364 372
364 365
364 428
365 373
365 366
365 429
366 374
366 367
366 430
367 375
367 368
367 431
368 376
368 432
369 370
369 377
369 433
370 371
370 378
370 434
371 372
371 379
371 435
372 373
372 380
372 436
373 374
373 381
373 437
374 375
374 382
374 438
375 376
375 383
375 439
376 384
376 440
377 378
377 441
378 379
378 442
379 380
379 443
380 381
380 444
381 382
381 445
382 383
382 446
383 384
383 447
384 448
385 393
385 386
385 449
386 394
386 387
386 450
387 395
387 388
387 451
388 396
388 389
388 452
389 397
389 390
389 453
390 398
390 391
390 454
391 399
391 392
391 455
392 400
392 456
393 401
393 394
393 457
394 402
394 395
394 458
395 403
395 396
395 459
396 404
396 397
396 460
397 405
397 398
397 461
398 406
398 399
398 462
399 407
399 400
399 463
400 408
400 464
401 409
401 402
401 465
402 410
402 403
402 466
403 411
403 404
403 467
404 412
404 405
404 468
405 413
405 406
405 469
406 414
406 407
406 470
407 415
407 408
407 471
408 416
408 472
409 410
409 417
409 473
410 411
410 418
410 474
411 412
411 419
411 475
412 413
412 420
412 476
413 414
413 421
413 477
414 415
414 422
414 478
415 416
415 423
415 479
416 424
416 480
417 425
417 418
417 481
418 426
418 419
418 482
419 427
419 420
419 483
420 428
420 421
420 484
421 429
421 422
421 485
422 430
422 423
422 486
423 431
423 424
423 487
424 432
424 488
425 433
425 426
425 489
426 434
426 427
426 490
427 435
427 428
427 491
428 436
428 429
428 492
429 437
429 430
429 493
430 438
430 431
430 494
431 439
431 432
431 495
432 440
432 496
433 441
433 434
433 497
434 442
434 435
434 498
435 443
435 436
435 499
436 444
436 437
436 500
437 445
437 438
437 501
438 446
438 439
438 502
439 447
439 440
439 503
440 448
440 504
441 442
441 505
442 443
442 506
443 444
443 507
444 445
444 508
445 446
445 509
446 447
446 510
447 448
447 511
448 512
449 457
449 450
450 458
450 451
451 459
451 452
452 460
452 453
453 461
453 454
454 462
454 455
455 463
455 456
456 464
457 465
457 458
458 466
458 459
459 467
459 460
460 468
460 461
461 469
461 462
462 470
462 463
463 471
463 464
464 472
465 473
465 466
466 474
466 467
467 475
467 468
468 476
468 469
469 477
469 470
470 478
470 471
471 479
471 472
472 480
473 474
473 481
474 475
474 482
475 476
475 483
476 477
476 484
477 478
477 485
478 479
478 486
479 480
479 487
480 488
481 489
481 482
482 490
482 483
483 491
483 484
484 492
484 485
485 493
485 486
486 494
486 487
487 495
487 488
488 496
489 497
489 490
490 498
490 491
491 499
491 492
492 500
492 493
493 501
493 494
494 502
494 495
495 503
495 496
496 504
497 505
497 498
498 506
498 499
499 507
499 500
500 508
500 501
501 509
501 502
502 510
502 503
503 511
503 504
504 512
505 506
506 507
507 508
508 509
509 510
510 511
511 512
