Problem name: mesh110x9.txt 	 Optimal solution = 491
990 990 3960
1 2
1 111
2 3
2 112
3 4
3 113
4 5
4 114
5 6
5 115
6 7
6 116
7 8
7 117
8 9
8 118
9 10
9 119
10 11
10 120
11 12
11 121
12 13
12 122
13 14
13 123
14 15
14 124
15 16
15 125
16 17
16 126
17 18
17 127
18 19
18 128
19 20
19 129
20 21
20 130
21 22
21 131
22 23
22 132
23 24
23 133
24 25
24 134
25 26
25 135
26 27
26 136
27 28
27 137
28 29
28 138
29 30
29 139
30 31
30 140
31 32
31 141
32 33
32 142
33 34
33 143
34 35
34 144
35 36
35 145
36 37
36 146
37 38
37 147
38 39
38 148
39 40
39 149
40 41
40 150
41 42
41 151
42 43
42 152
43 44
43 153
44 45
44 154
45 46
45 155
46 47
46 156
47 48
47 157
48 49
48 158
49 50
49 159
50 51
50 160
51 52
51 161
52 53
52 162
53 54
53 163
54 55
54 164
55 56
55 165
56 57
56 166
57 58
57 167
58 59
58 168
59 60
59 169
60 61
60 170
61 62
61 171
62 63
62 172
63 64
63 173
64 65
64 174
65 66
65 175
66 67
66 176
67 68
67 177
68 69
68 178
69 70
69 179
70 71
70 180
71 72
71 181
72 73
72 182
73 74
73 183
74 75
74 184
75 76
75 185
76 77
76 186
77 78
77 187
78 79
78 188
79 80
79 189
80 81
80 190
81 82
81 191
82 83
82 192
83 84
83 193
84 85
84 194
85 86
85 195
86 87
86 196
87 88
87 197
88 89
88 198
89 90
89 199
90 91
90 200
91 92
91 201
92 93
92 202
93 94
93 203
94 95
94 204
95 96
95 205
96 97
96 206
97 98
97 207
98 99
98 208
99 100
99 209
100 101
100 210
101 102
101 211
102 103
102 212
103 104
103 213
104 105
104 214
105 106
105 215
106 107
106 216
107 108
107 217
108 109
108 218
109 110
109 219
110 220
111 112
111 221
112 113
112 222
113 114
113 223
114 115
114 224
115 116
115 225
116 117
116 226
117 118
117 227
118 119
118 228
119 120
119 229
120 121
120 230
121 122
121 231
122 123
122 232
123 124
123 233
124 125
124 234
125 126
125 235
126 127
126 236
127 128
127 237
128 129
128 238
129 130
129 239
130 131
130 240
131 132
131 241
132 133
132 242
133 134
133 243
134 135
134 244
135 136
135 245
136 137
136 246
137 138
137 247
138 139
138 248
139 140
139 249
140 141
140 250
141 142
141 251
142 143
142 252
143 144
143 253
144 145
144 254
145 146
145 255
146 147
146 256
147 148
147 257
148 149
148 258
149 150
149 259
150 151
150 260
151 152
151 261
152 153
152 262
153 154
153 263
154 155
154 264
155 156
155 265
156 157
156 266
157 158
157 267
158 159
158 268
159 160
159 269
160 161
160 270
161 162
161 271
162 163
162 272
163 164
163 273
164 165
164 274
165 166
165 275
166 167
166 276
167 168
167 277
168 169
168 278
169 170
169 279
170 171
170 280
171 172
171 281
172 173
172 282
173 174
173 283
174 175
174 284
175 176
175 285
176 177
176 286
177 178
177 287
178 179
178 288
179 180
179 289
180 181
180 290
181 182
181 291
182 183
182 292
183 184
183 293
184 185
184 294
185 186
185 295
186 187
186 296
187 188
187 297
188 189
188 298
189 190
189 299
190 191
190 300
191 192
191 301
192 193
192 302
193 194
193 303
194 195
194 304
195 196
195 305
196 197
196 306
197 198
197 307
198 199
198 308
199 200
199 309
200 201
200 310
201 202
201 311
202 203
202 312
203 204
203 313
204 205
204 314
205 206
205 315
206 207
206 316
207 208
207 317
208 209
208 318
209 210
209 319
210 211
210 320
211 212
211 321
212 213
212 322
213 214
213 323
214 215
214 324
215 216
215 325
216 217
216 326
217 218
217 327
218 219
218 328
219 220
219 329
220 330
221 222
221 331
222 223
222 332
223 224
223 333
224 225
224 334
225 226
225 335
226 227
226 336
227 228
227 337
228 229
228 338
229 230
229 339
230 231
230 340
231 232
231 341
232 233
232 342
233 234
233 343
234 235
234 344
235 236
235 345
236 237
236 346
237 238
237 347
238 239
238 348
239 240
239 349
240 241
240 350
241 242
241 351
242 243
242 352
243 244
243 353
244 245
244 354
245 246
245 355
246 247
246 356
247 248
247 357
248 249
248 358
249 250
249 359
250 251
250 360
251 252
251 361
252 253
252 362
253 254
253 363
254 255
254 364
255 256
255 365
256 257
256 366
257 258
257 367
258 259
258 368
259 260
259 369
260 261
260 370
261 262
261 371
262 263
262 372
263 264
263 373
264 265
264 374
265 266
265 375
266 267
266 376
267 268
267 377
268 269
268 378
269 270
269 379
270 271
270 380
271 272
271 381
272 273
272 382
273 274
273 383
274 275
274 384
275 276
275 385
276 277
276 386
277 278
277 387
278 279
278 388
279 280
279 389
280 281
280 390
281 282
281 391
282 283
282 392
283 284
283 393
284 285
284 394
285 286
285 395
286 287
286 396
287 288
287 397
288 289
288 398
289 290
289 399
290 291
290 400
291 292
291 401
292 293
292 402
293 294
293 403
294 295
294 404
295 296
295 405
296 297
296 406
297 298
297 407
298 299
298 408
299 300
299 409
300 301
300 410
301 302
301 411
302 303
302 412
303 304
303 413
304 305
304 414
305 306
305 415
306 307
306 416
307 308
307 417
308 309
308 418
309 310
309 419
310 311
310 420
311 312
311 421
312 313
312 422
313 314
313 423
314 315
314 424
315 316
315 425
316 317
316 426
317 318
317 427
318 319
318 428
319 320
319 429
320 321
320 430
321 322
321 431
322 323
322 432
323 324
323 433
324 325
324 434
325 326
325 435
326 327
326 436
327 328
327 437
328 329
328 438
329 330
329 439
330 440
331 332
331 441
332 333
332 442
333 334
333 443
334 335
334 444
335 336
335 445
336 337
336 446
337 338
337 447
338 339
338 448
339 340
339 449
340 341
340 450
341 342
341 451
342 343
342 452
343 344
343 453
344 345
344 454
345 346
345 455
346 347
346 456
347 348
347 457
348 349
348 458
349 350
349 459
350 351
350 460
351 352
351 461
352 353
352 462
353 354
353 463
354 355
354 464
355 356
355 465
356 357
356 466
357 358
357 467
358 359
358 468
359 360
359 469
360 361
360 470
361 362
361 471
362 363
362 472
363 364
363 473
364 365
364 474
365 366
365 475
366 367
366 476
367 368
367 477
368 369
368 478
369 370
369 479
370 371
370 480
371 372
371 481
372 373
372 482
373 374
373 483
374 375
374 484
375 376
375 485
376 377
376 486
377 378
377 487
378 379
378 488
379 380
379 489
380 381
380 490
381 382
381 491
382 383
382 492
383 384
383 493
384 385
384 494
385 386
385 495
386 387
386 496
387 388
387 497
388 389
388 498
389 390
389 499
390 391
390 500
391 392
391 501
392 393
392 502
393 394
393 503
394 395
394 504
395 396
395 505
396 397
396 506
397 398
397 507
398 399
398 508
399 400
399 509
400 401
400 510
401 402
401 511
402 403
402 512
403 404
403 513
404 405
404 514
405 406
405 515
406 407
406 516
407 408
407 517
408 409
408 518
409 410
409 519
410 411
410 520
411 412
411 521
412 413
412 522
413 414
413 523
414 415
414 524
415 416
415 525
416 417
416 526
417 418
417 527
418 419
418 528
419 420
419 529
420 421
420 530
421 422
421 531
422 423
422 532
423 424
423 533
424 425
424 534
425 426
425 535
426 427
426 536
427 428
427 537
428 429
428 538
429 430
429 539
430 431
430 540
431 432
431 541
432 433
432 542
433 434
433 543
434 435
434 544
435 436
435 545
436 437
436 546
437 438
437 547
438 439
438 548
439 440
439 549
440 550
441 442
441 551
442 443
442 552
443 444
443 553
444 445
444 554
445 446
445 555
446 447
446 556
447 448
447 557
448 449
448 558
449 450
449 559
450 451
450 560
451 452
451 561
452 453
452 562
453 454
453 563
454 455
454 564
455 456
455 565
456 457
456 566
457 458
457 567
458 459
458 568
459 460
459 569
460 461
460 570
461 462
461 571
462 463
462 572
463 464
463 573
464 465
464 574
465 466
465 575
466 467
466 576
467 468
467 577
468 469
468 578
469 470
469 579
470 471
470 580
471 472
471 581
472 473
472 582
473 474
473 583
474 475
474 584
475 476
475 585
476 477
476 586
477 478
477 587
478 479
478 588
479 480
479 589
480 481
480 590
481 482
481 591
482 483
482 592
483 484
483 593
484 485
484 594
485 486
485 595
486 487
486 596
487 488
487 597
488 489
488 598
489 490
489 599
490 491
490 600
491 492
491 601
492 493
492 602
493 494
493 603
494 495
494 604
495 496
495 605
496 497
496 606
497 498
497 607
498 499
498 608
499 500
499 609
500 501
500 610
501 502
501 611
502 503
502 612
503 504
503 613
504 505
504 614
505 506
505 615
506 507
506 616
507 508
507 617
508 509
508 618
509 510
509 619
510 511
510 620
511 512
511 621
512 513
512 622
513 514
513 623
514 515
514 624
515 516
515 625
516 517
516 626
517 518
517 627
518 519
518 628
519 520
519 629
520 521
520 630
521 522
521 631
522 523
522 632
523 524
523 633
524 525
524 634
525 526
525 635
526 527
526 636
527 528
527 637
528 529
528 638
529 530
529 639
530 531
530 640
531 532
531 641
532 533
532 642
533 534
533 643
534 535
534 644
535 536
535 645
536 537
536 646
537 538
537 647
538 539
538 648
539 540
539 649
540 541
540 650
541 542
541 651
542 543
542 652
543 544
543 653
544 545
544 654
545 546
545 655
546 547
546 656
547 548
547 657
548 549
548 658
549 550
549 659
550 660
551 552
551 661
552 553
552 662
553 554
553 663
554 555
554 664
555 556
555 665
556 557
556 666
557 558
557 667
558 559
558 668
559 560
559 669
560 561
560 670
561 562
561 671
562 563
562 672
563 564
563 673
564 565
564 674
565 566
565 675
566 567
566 676
567 568
567 677
568 569
568 678
569 570
569 679
570 571
570 680
571 572
571 681
572 573
572 682
573 574
573 683
574 575
574 684
575 576
575 685
576 577
576 686
577 578
577 687
578 579
578 688
579 580
579 689
580 581
580 690
581 582
581 691
582 583
582 692
583 584
583 693
584 585
584 694
585 586
585 695
586 587
586 696
587 588
587 697
588 589
588 698
589 590
589 699
590 591
590 700
591 592
591 701
592 593
592 702
593 594
593 703
594 595
594 704
595 596
595 705
596 597
596 706
597 598
597 707
598 599
598 708
599 600
599 709
600 601
600 710
601 602
601 711
602 603
602 712
603 604
603 713
604 605
604 714
605 606
605 715
606 607
606 716
607 608
607 717
608 609
608 718
609 610
609 719
610 611
610 720
611 612
611 721
612 613
612 722
613 614
613 723
614 615
614 724
615 616
615 725
616 617
616 726
617 618
617 727
618 619
618 728
619 620
619 729
620 621
620 730
621 622
621 731
622 623
622 732
623 624
623 733
624 625
624 734
625 626
625 735
626 627
626 736
627 628
627 737
628 629
628 738
629 630
629 739
630 631
630 740
631 632
631 741
632 633
632 742
633 634
633 743
634 635
634 744
635 636
635 745
636 637
636 746
637 638
637 747
638 639
638 748
639 640
639 749
640 641
640 750
641 642
641 751
642 643
642 752
643 644
643 753
644 645
644 754
645 646
645 755
646 647
646 756
647 648
647 757
648 649
648 758
649 650
649 759
650 651
650 760
651 652
651 761
652 653
652 762
653 654
653 763
654 655
654 764
655 656
655 765
656 657
656 766
657 658
657 767
658 659
658 768
659 660
659 769
660 770
661 662
661 771
662 663
662 772
663 664
663 773
664 665
664 774
665 666
665 775
666 667
666 776
667 668
667 777
668 669
668 778
669 670
669 779
670 671
670 780
671 672
671 781
672 673
672 782
673 674
673 783
674 675
674 784
675 676
675 785
676 677
676 786
677 678
677 787
678 679
678 788
679 680
679 789
680 681
680 790
681 682
681 791
682 683
682 792
683 684
683 793
684 685
684 794
685 686
685 795
686 687
686 796
687 688
687 797
688 689
688 798
689 690
689 799
690 691
690 800
691 692
691 801
692 693
692 802
693 694
693 803
694 695
694 804
695 696
695 805
696 697
696 806
697 698
697 807
698 699
698 808
699 700
699 809
700 701
700 810
701 702
701 811
702 703
702 812
703 704
703 813
704 705
704 814
705 706
705 815
706 707
706 816
707 708
707 817
708 709
708 818
709 710
709 819
710 711
710 820
711 712
711 821
712 713
712 822
713 714
713 823
714 715
714 824
715 716
715 825
716 717
716 826
717 718
717 827
718 719
718 828
719 720
719 829
720 721
720 830
721 722
721 831
722 723
722 832
723 724
723 833
724 725
724 834
725 726
725 835
726 727
726 836
727 728
727 837
728 729
728 838
729 730
729 839
730 731
730 840
731 732
731 841
732 733
732 842
733 734
733 843
734 735
734 844
735 736
735 845
736 737
736 846
737 738
737 847
738 739
738 848
739 740
739 849
740 741
740 850
741 742
741 851
742 743
742 852
743 744
743 853
744 745
744 854
745 746
745 855
746 747
746 856
747 748
747 857
748 749
748 858
749 750
749 859
750 751
750 860
751 752
751 861
752 753
752 862
753 754
753 863
754 755
754 864
755 756
755 865
756 757
756 866
757 758
757 867
758 759
758 868
759 760
759 869
760 761
760 870
761 762
761 871
762 763
762 872
763 764
763 873
764 765
764 874
765 766
765 875
766 767
766 876
767 768
767 877
768 769
768 878
769 770
769 879
770 880
771 772
771 881
772 773
772 882
773 774
773 883
774 775
774 884
775 776
775 885
776 777
776 886
777 778
777 887
778 779
778 888
779 780
779 889
780 781
780 890
781 782
781 891
782 783
782 892
783 784
783 893
784 785
784 894
785 786
785 895
786 787
786 896
787 788
787 897
788 789
788 898
789 790
789 899
790 791
790 900
791 792
791 901
792 793
792 902
793 794
793 903
794 795
794 904
795 796
795 905
796 797
796 906
797 798
797 907
798 799
798 908
799 800
799 909
800 801
800 910
801 802
801 911
802 803
802 912
803 804
803 913
804 805
804 914
805 806
805 915
806 807
806 916
807 808
807 917
808 809
808 918
809 810
809 919
810 811
810 920
811 812
811 921
812 813
812 922
813 814
813 923
814 815
814 924
815 816
815 925
816 817
816 926
817 818
817 927
818 819
818 928
819 820
819 929
820 821
820 930
821 822
821 931
822 823
822 932
823 824
823 933
824 825
824 934
825 826
825 935
826 827
826 936
827 828
827 937
828 829
828 938
829 830
829 939
830 831
830 940
831 832
831 941
832 833
832 942
833 834
833 943
834 835
834 944
835 836
835 945
836 837
836 946
837 838
837 947
838 839
838 948
839 840
839 949
840 841
840 950
841 842
841 951
842 843
842 952
843 844
843 953
844 845
844 954
845 846
845 955
846 847
846 956
847 848
847 957
848 849
848 958
849 850
849 959
850 851
850 960
851 852
851 961
852 853
852 962
853 854
853 963
854 855
854 964
855 856
855 965
856 857
856 966
857 858
857 967
858 859
858 968
859 860
859 969
860 861
860 970
861 862
861 971
862 863
862 972
863 864
863 973
864 865
864 974
865 866
865 975
866 867
866 976
867 868
867 977
868 869
868 978
869 870
869 979
870 871
870 980
871 872
871 981
872 873
872 982
873 874
873 983
874 875
874 984
875 876
875 985
876 877
876 986
877 878
877 987
878 879
878 988
879 880
879 989
880 990
881 882
882 883
883 884
884 885
885 886
886 887
887 888
888 889
889 890
890 891
891 892
892 893
893 894
894 895
895 896
896 897
897 898
898 899
899 900
900 901
901 902
902 903
903 904
904 905
905 906
906 907
907 908
908 909
909 910
910 911
911 912
912 913
913 914
914 915
915 916
916 917
917 918
918 919
919 920
920 921
921 922
922 923
923 924
924 925
925 926
926 927
927 928
928 929
929 930
930 931
931 932
932 933
933 934
934 935
935 936
936 937
937 938
938 939
939 940
940 941
941 942
942 943
943 944
944 945
945 946
946 947
947 948
948 949
949 950
950 951
951 952
952 953
953 954
954 955
955 956
956 957
957 958
958 959
959 960
960 961
961 962
962 963
963 964
964 965
965 966
966 967
967 968
968 969
969 970
970 971
971 972
972 973
973 974
974 975
975 976
976 977
977 978
978 979
979 980
980 981
981 982
982 983
983 984
984 985
985 986
986 987
987 988
988 989
989 990

